isHappyBlock,isCongruent,isWinOnTop,lastHappyRating,diff,sumDiff,RPE,winAmount,loseAmount,certainAmount,choice,outcome,outcomeAmount,currentWinnings,outcome1Box_started,choiceKey_keys,choiceKey_started,outcome1Box_2_stopped,outcome1Box_3_stopped,fixCross_ITI_stopped,fixCross_ISI_started,happyText_started,happySlider_response,happySlider_rt,happySlider_started,trial_sample,choice_sample,outcome_sample,happyText_sample,happySlider_sample,fixCross_ITI_sample
True,True,True,0.6,-0.4,-0.4,6,9.7,3.7,1.85,gamble,win,9.7,9.7,125.637478057004,NaN,125.637478057004,None,None,None,NaN,NaN,NaN,NaN,NaN,13026,16628,21410,0,0,22631
True,True,False,0.6,-0.4,-0.8,6.4,-0.7,-7.1,-3.9,certain,certain,-3.9,5.8,135.641346356249,3,135.641346356249,None,None,None,NaN,NaN,NaN,NaN,NaN,25031,27032,31834,0,0,33035
True,False,False,0.6,-0.4,-1.2,-1.5,2.1,0.6,1.35,certain,certain,1.35,7.15,144.311403051252,3,144.311403051252,None,None,None,150.830605034134,151.830993815965,0.6,7.50284818693763,154.832159841491,35435,37276,42058,44459,48060,53503
True,True,False,0.6,-0.4,-1.6,7.2,8.5,1.3,0.649999999999999,gamble,win,8.5,15.65,161.372644350049,1,161.372644350049,None,None,None,NaN,NaN,NaN,NaN,NaN,55903,58204,62986,0,0,64207
True,True,False,0.6,-0.4,-2,7.6,10.5,2.9,1.45,gamble,win,10.5,26.15,170.288161577075,1,170.288161577075,None,None,None,176.507259500795,177.507653722423,0.68,7.5028385873884,180.508815908106,66607,68088,72890,75271,78872,84295
True,True,True,0.68,-0.32,-2.32,6.8,5.9,-0.899999999999999,-0.449999999999999,gamble,win,5.9,32.05,187.028028450499,1,187.028028450499,None,None,None,NaN,NaN,NaN,NaN,NaN,86695,88836,93618,0,0,94839
True,False,True,0.68,-0.32,-2.64,-1.34,3.3,1.96,0.98,gamble,lose,1.96,34.01,195.814754894644,1,195.814754894644,None,None,None,NaN,NaN,NaN,NaN,NaN,97239,98640,103422,0,0,104643
True,True,False,0.68,-0.32,-2.96,7.44,2.3,-5.14,-1.42,gamble,win,2.3,36.31,203.984613838838,1,203.984613838838,None,None,None,210.58712616947,211.587562949047,0.59,7.50296594144311,214.588735374273,107043,108984,113766,116167,119768,125211
True,False,True,0.59,-0.41,-3.37,-1.71583333333333,9.9,8.18416666666667,4.09208333333333,gamble,lose,8.18416666666667,44.4941666666667,221.12921892287,1,221.12921892287,None,None,None,NaN,NaN,NaN,NaN,NaN,127611,129332,134114,0,0,135335
True,True,True,0.59,-0.41,-3.78,9.52,0.3,-9.22,-4.46,certain,certain,-4.46,40.0341666666667,229.561228499399,3,229.561228499399,None,None,None,236.76402798458,237.764411966666,0.5,7.50294834224042,240.765519754903,137735,140396,145178,147579,151181,156604
True,True,False,0.5,-0.5,-4.28,11.28,7.5,-3.78,1.86,gamble,win,7.5,47.5341666666667,247.284789894591,1,247.284789894591,None,None,None,NaN,NaN,NaN,NaN,NaN,159004,161205,165986,0,0,167208
True,True,True,0.5,-0.5,-4.78,11.78,-0.9,-12.68,-6.79,certain,certain,-6.79,40.7441666666667,256.121492243838,3,256.121492243838,None,None,None,262.924203861156,263.924581443542,0.51,7.50281490851194,266.925759628473,169608,171789,176591,178972,182573,188016
True,True,False,0.51,-0.49,-5.27,12.13,0.5,-11.63,-5.565,certain,certain,-5.565,35.1791666666667,273.466252456652,3,273.466252456652,None,None,None,NaN,NaN,NaN,NaN,NaN,190416,193657,198459,0,0,199661
True,False,True,0.51,-0.49,-5.76,-2.195,5.7,3.505,1.7525,gamble,lose,3.505,38.6841666666667,283.16535995435,1,283.16535995435,None,None,None,NaN,NaN,NaN,NaN,NaN,202061,203501,208283,0,0,209505
True,True,True,0.51,-0.49,-6.25,13.11,0.7,-12.41,-5.855,certain,certain,-5.855,32.8291666666667,291.368597179127,3,291.368597179127,None,None,None,298.321301148797,299.321693770471,0.5,7.50285842648009,302.322861075925,211905,214265,219067,221448,225050,230473
True,False,False,0.5,-0.5,-6.75,-2.3125,3.7,1.3875,0.69375,gamble,lose,1.3875,34.2166666666667,308.842045139638,1,308.842045139638,None,None,None,NaN,NaN,NaN,NaN,NaN,232873,234213,238995,0,0,240217
True,True,True,0.5,-0.5,-7.25,14.25,-0.1,-14.35,-7.225,gamble,win,-0.1,34.1166666666667,316.961878261005,1,316.961878261005,None,None,None,323.8312322048,324.831612027076,0.6,7.50281074870145,327.832779972523,242617,244878,249679,252060,255662,261085
True,True,True,0.6,-0.4,-7.65,13.25,7.9,-5.35,1.275,certain,certain,1.275,35.3916666666667,334.35198483523,3,334.35198483523,None,None,None,NaN,NaN,NaN,NaN,NaN,263485,265466,270268,0,0,271469
True,True,True,0.6,-0.4,-8.05,13.65,11.7,-1.95,-0.975000000000001,gamble,win,11.7,47.0916666666667,343.005374788889,1,343.005374788889,None,None,None,NaN,NaN,NaN,NaN,NaN,273869,275570,280371,0,0,281573
True,False,False,0.6,-0.4,-8.45,-2.10416666666667,9.1,6.99583333333333,3.49791666666667,gamble,lose,6.99583333333333,54.0875,351.425298849994,1,351.425298849994,None,None,None,357.644377574674,358.644766036479,0.67,7.50277459039353,361.645879904449,283973,285453,290235,292636,296238,301681
True,True,False,0.67,-0.33,-8.78,13.4,11.3,-2.1,-1.05,gamble,win,11.3,65.3875,368.186421370367,1,368.186421370367,None,None,None,NaN,NaN,NaN,NaN,NaN,304081,305681,310483,0,0,311685
True,False,False,0.67,-0.33,-9.11,-1.91416666666667,5.3,3.38583333333333,1.69291666666667,gamble,lose,3.38583333333333,68.7733333333333,376.518350502651,1,376.518350502651,None,None,None,382.504038531275,383.504428593093,0.6,7.50285106681986,386.505593018665,314085,315285,320067,322468,326069,331493
True,True,False,0.6,-0.4,-9.51,15.11,4.3,-10.81,-3.255,certain,certain,-3.255,65.5183333333333,393.024763323017,3,393.024763323017,None,None,None,NaN,NaN,NaN,NaN,NaN,333893,336374,341175,0,0,342377
True,True,True,0.6,-0.4,-9.91,15.51,13.1,-2.41,-1.205,gamble,win,13.1,78.6183333333333,402.094961643394,1,402.094961643394,None,None,None,408.56415028288,409.564577142941,0.51,7.50284498702968,412.565703170316,344777,346558,351359,353740,357342,362785
True,True,False,0.51,-0.49,-10.4,17.26,1.9,-15.36,-6.73,certain,certain,-6.73,71.8883333333333,419.106262235378,3,419.106262235378,None,None,None,NaN,NaN,NaN,NaN,NaN,365185,367526,372328,0,0,373529
True,False,True,0.51,-0.49,-10.89,-2.6225,4.9,2.2775,1.13875,gamble,lose,2.2775,74.1658333333333,428.05510878528,1,428.05510878528,None,None,None,NaN,NaN,NaN,NaN,NaN,375929,377170,381952,0,0,383173
True,True,True,0.51,-0.49,-11.38,18.24,8.9,-9.34,-0.220000000000001,gamble,win,8.9,83.0658333333333,436.091559242341,1,436.091559242341,None,None,None,441.993824288482,442.994207310607,0.61,7.50284050725168,445.995371736237,385573,386673,391455,393856,397458,402861
False,True,False,0.64,0.64,0.64,-9.6,2.275,-7.325,-2.525,certain,certain,-2.525,80.5408333333333,467.337011454802,3,467.337011454802,None,None,None,NaN,NaN,NaN,NaN,NaN,423068,424988,429770,0,0,430992
False,False,False,0.64,0.64,1.28,2.34666666666667,0.525,-1.82166666666667,-0.648333333333333,gamble,win,0.525,81.0658333333333,475.940387425071,1,475.940387425071,None,None,None,482.076106844237,483.07649850595,0.5,7.50283634744119,486.077625813312,433392,434772,439574,441955,445557,450980
False,True,False,0.5,0.5,1.78,-8.78,2.775,-6.005,-1.615,certain,certain,-1.615,79.4508333333333,492.596832275973,3,492.596832275973,None,None,None,NaN,NaN,NaN,NaN,NaN,453380,455560,460362,0,0,461564
False,True,True,0.5,0.5,2.28,-9.28,3.175,-6.105,-1.465,certain,certain,-1.465,77.9858333333333,501.41692644119,3,501.41692644119,None,None,None,507.869434260007,508.86982592172,0.5,7.50285586656537,511.870990027324,463964,465724,470506,472907,476509,481952
False,False,False,0.5,0.5,2.78,1.98166666666667,2.475,0.493333333333333,1.48416666666667,gamble,win,2.475,80.4608333333333,518.411434857757,1,518.411434857757,None,None,None,NaN,NaN,NaN,NaN,NaN,484352,485472,490254,0,0,491476
False,False,False,0.5,0.5,3.28,2.02333333333333,2.075,0.0516666666666667,1.06333333333333,gamble,win,2.075,82.5358333333333,526.343325719819,1,526.343325719819,None,None,None,NaN,NaN,NaN,NaN,NaN,493876,495136,499918,0,0,501139
False,True,False,0.5,0.5,3.78,-10.78,-0.375,-11.155,-5.765,certain,certain,-5.765,76.7708333333333,534.396421799145,3,534.396421799145,None,None,None,541.432486034231,542.432912894292,0.5,7.50272979249712,545.434041801549,503539,506000,510802,513183,516785,522208
False,False,False,0.5,0.5,4.28,2.10666666666667,0.775,-1.33166666666667,-0.278333333333333,gamble,win,0.775,77.5458333333333,551.95324090455,1,551.95324090455,None,None,None,NaN,NaN,NaN,NaN,NaN,524608,525808,530610,0,0,531811
False,False,False,0.5,0.5,4.78,2.14833333333333,-0.275,-2.42333333333333,-1.34916666666667,gamble,win,-0.275,77.2708333333333,559.956360438839,1,559.956360438839,None,None,None,566.925730509858,567.926158649847,0.6,7.50283346761717,570.927283717261,534211,536592,541394,543775,547377,552820
False,True,False,0.6,0.6,5.38,-13.78,0.875,-12.905,-6.015,certain,certain,-6.015,71.2558333333333,577.467693669314,3,577.467693669314,None,None,None,NaN,NaN,NaN,NaN,NaN,555220,558181,562983,0,0,564184
False,False,False,0.6,0.6,5.98,2.59833333333333,2.175,-0.423333333333334,0.875833333333333,certain,certain,0.875833333333333,72.1316666666667,586.933516066114,3,586.933516066114,None,None,None,NaN,NaN,NaN,NaN,NaN,566584,568305,573087,0,0,574308
False,False,True,0.6,0.6,6.58,2.64833333333333,0.125,-2.52333333333333,-1.19916666666667,gamble,win,0.125,72.2566666666667,595.37015998608,1,595.37015998608,None,None,None,601.522538466961,602.522943248041,0.5,7.50283666746691,605.524072795291,576708,578109,582891,585292,588893,594316
False,True,True,0.5,0.5,7.08,-14.08,-0.225,-14.305,-7.265,certain,certain,-7.265,64.9916666666667,612.043317016214,3,612.043317016214,None,None,None,NaN,NaN,NaN,NaN,NaN,596716,598737,603539,0,0,604740
False,True,False,0.5,0.5,7.58,-14.58,3.225,-11.355,-4.065,gamble,lose,-11.355,53.6366666666667,620.729994694644,1,620.729994694644,None,None,None,627.015818460961,628.016160204948,0.42,7.50295794178965,631.017374548246,607140,608701,613503,615884,619485,624928
False,True,False,0.42,0.42,8,-13.88,1.025,-12.855,-5.915,certain,certain,-5.915,47.7216666666667,637.557888495445,3,637.557888495445,None,None,None,NaN,NaN,NaN,NaN,NaN,627328,628989,633791,0,0,634992
False,True,False,0.42,0.42,8.42,-14.3,-0.125,-14.425,-7.275,certain,certain,-7.275,40.4466666666667,645.939795132726,3,645.939795132726,None,None,None,652.258919423271,653.259292525821,0.42,7.50274227187037,656.260508788982,637392,638993,643795,646176,649777,655200
False,True,False,0.42,0.42,8.84,-14.72,1.175,-13.545,-6.185,gamble,lose,-13.545,26.9016666666667,662.779671413708,1,662.779671413708,None,None,None,NaN,NaN,NaN,NaN,NaN,657600,658921,663702,0,0,664924
False,True,True,0.42,0.42,9.26,-15.14,2.625,-12.515,-4.945,gamble,lose,-12.515,14.3866666666667,670.882824994391,1,670.882824994391,None,None,None,NaN,NaN,NaN,NaN,NaN,667324,668684,673486,0,0,674688
False,True,True,0.42,0.42,9.68,-15.56,1.425,-14.135,-6.355,gamble,lose,-14.135,0.251666666666683,679.019288378826,1,679.019288378826,None,None,None,685.538564278278,686.538942820567,0.33,7.50282290810719,689.540118445642,677088,678929,683730,686111,689713,695156
False,True,False,0.33,0.33,10.01,-14.63,1.775,-12.855,-5.54,certain,certain,-5.54,-5.28833333333332,696.080571915663,3,696.080571915663,None,None,None,NaN,NaN,NaN,NaN,NaN,697556,699477,704278,0,0,705480
False,False,False,0.33,0.33,10.34,2.01666666666667,1.525,-0.491666666666667,0.516666666666667,gamble,win,1.525,-3.76333333333332,704.679334021464,1,704.679334021464,None,None,None,710.815054400649,711.815438382677,0.41,7.50305649719667,714.816529851698,707880,709260,714042,716443,720045,725468
False,True,True,0.41,0.41,10.75,-16.49,0.025,-16.465,-8.22,certain,certain,-8.22,-11.9833333333333,721.33577727247,3,721.33577727247,None,None,None,NaN,NaN,NaN,NaN,NaN,727868,729628,734430,0,0,735632
False,False,True,0.41,0.41,11.16,2.365,1.875,-0.49,0.6925,gamble,win,1.875,-10.1083333333333,729.805735156056,1,729.805735156056,None,None,None,735.874762971071,736.875101835234,0.42,7.50285810645437,739.876353296742,738032,739332,744114,746515,750117,755540
False,True,True,0.42,0.42,11.58,-17.46,2.975,-14.485,-5.755,certain,certain,-5.755,-15.8633333333333,746.395568719017,3,746.395568719017,None,None,None,NaN,NaN,NaN,NaN,NaN,757940,760301,765102,0,0,766304
False,True,False,0.42,0.42,12,-17.88,1.225,-16.655,-7.715,certain,certain,-7.715,-23.5783333333333,755.365707074117,3,755.365707074117,None,None,None,NaN,NaN,NaN,NaN,NaN,768704,770505,775307,0,0,776508
False,True,True,0.42,0.42,12.42,-18.3,1.075,-17.225,-8.075,certain,certain,-8.075,-31.6533333333333,763.868977001344,3,763.868977001344,None,None,None,770.521561872622,771.521993532428,0.4,7.50285330670886,774.523150278372,778908,780909,785711,788092,791693,797116
False,True,False,0.4,0.4,12.82,-18.42,1.975,-16.445,-7.235,certain,certain,-7.235,-38.8883333333333,781.042277384782,3,781.042277384782,None,None,None,NaN,NaN,NaN,NaN,NaN,799516,801157,805959,0,0,807140
True,True,True,0.4,-0.6,-0.6,9,-0.7,-9.7,-5.2,certain,certain,-5.2,-44.0883333333333,803.534400952747,3,803.534400952747,None,None,None,810.720529856801,811.72094839724,0.4,7.5028408272774,814.722068984935,826507,829148,833950,836331,839932,845355
True,False,False,0.4,-0.6,-1.2,-2.2,12.3,10.1,5.05,gamble,lose,10.1,-33.9883333333333,821.241301366361,1,821.241301366361,None,None,None,NaN,NaN,NaN,NaN,NaN,847755,848855,853657,0,0,854859
True,True,False,0.4,-0.6,-1.8,10.2,6.9,-3.3,1.8,gamble,win,6.9,-27.0883333333333,829.161034396442,1,829.161034396442,None,None,None,NaN,NaN,NaN,NaN,NaN,857259,858839,863621,0,0,864843
True,False,True,0.4,-0.6,-2.4,-2.3,8.9,6.6,3.3,gamble,lose,6.6,-20.4883333333333,837.480936890584,1,837.480936890584,None,None,None,843.233167986386,844.233594206453,0.5,7.50284690695116,847.234763751796,867243,868163,872945,875346,878947,884370
True,True,True,0.5,-0.5,-2.9,9.9,0.9,-9,-4.05,gamble,win,0.9,-19.5883333333333,853.753925096593,1,853.753925096593,None,None,None,NaN,NaN,NaN,NaN,NaN,886770,889572,894373,0,0,895575
True,False,False,0.5,-0.5,-3.4,-2.03333333333333,10.1,8.06666666666667,4.03333333333333,gamble,lose,8.06666666666667,-11.5216666666666,863.090888553648,1,863.090888553648,None,None,None,868.926448556304,869.926877336286,0.5,7.50280050915899,872.928000483778,897975,898995,903777,906178,909779,915202
True,True,False,0.5,-0.5,-3.9,10.9,5.7,-5.2,0.25,gamble,win,5.7,-5.82166666666664,879.447284702852,1,879.447284702852,None,None,None,NaN,NaN,NaN,NaN,NaN,917602,919883,924685,0,0,925887
True,True,False,0.5,-0.5,-4.4,11.4,7.3,-4.1,1.6,gamble,win,7.3,1.47833333333336,888.350703935081,1,888.350703935081,None,None,None,894.419733670016,895.420123091841,0.5,7.50271731306566,898.421289117367,928287,929587,934369,936770,940371,945815
True,True,False,0.5,-0.5,-4.9,11.9,1.3,-10.6,-4.65,certain,certain,-4.65,-3.17166666666664,904.96178578533,3,904.96178578533,None,None,None,NaN,NaN,NaN,NaN,NaN,948215,949535,954337,0,0,955539
True,True,False,0.5,-0.5,-5.4,12.4,4.3,-8.1,-1.9,gamble,win,4.3,1.12833333333336,913.060327101499,1,913.060327101499,None,None,None,NaN,NaN,NaN,NaN,NaN,957939,959439,964221,0,0,965442
True,True,False,0.5,-0.5,-5.9,12.9,10.3,-2.6,-1.3,gamble,win,10.3,11.4283333333334,921.313527431979,1,921.313527431979,None,None,None,927.349203205202,928.349595826876,0.58,7.50284466712037,931.350739133428,967842,969103,973905,976286,979887,985310
True,True,True,0.58,-0.42,-6.32,12.2,7.1,-5.1,0.999999999999999,gamble,win,7.1,18.5283333333334,937.869949755899,1,937.869949755899,None,None,None,NaN,NaN,NaN,NaN,NaN,987710,989851,994633,0,0,995854
True,True,True,0.58,-0.42,-6.74,12.62,13.3,0.68,0.34,gamble,win,13.3,31.8283333333334,946.656712678378,1,946.656712678378,None,None,None,952.525695439486,953.52609766071,0.58,7.50285810651258,956.527168010711,998254,999315,1004117,1006498,1010099,1015522
True,True,False,0.58,-0.42,-7.16,13.04,3.5,-9.54,-3.02,certain,certain,-3.02,28.8083333333334,963.046413191536,3,963.046413191536,None,None,None,NaN,NaN,NaN,NaN,NaN,1017922,1019723,1024525,0,0,1025726
True,False,True,0.58,-0.42,-7.58,-2.10166666666667,9.3,7.19833333333333,3.59916666666667,gamble,lose,7.19833333333333,36.0066666666667,971.549716397247,1,971.549716397247,None,None,None,NaN,NaN,NaN,NaN,NaN,1028126,1029066,1033848,0,0,1035070
True,True,False,0.58,-0.42,-8,13.88,6.5,-7.38,-0.44,gamble,win,6.5,42.5066666666667,979.336079658358,1,979.336079658358,None,None,None,985.58854658308,986.588899846596,0.59,7.50285490660463,989.590073871717,1037470,1038990,1043792,1046173,1049775,1055198
True,True,False,0.59,-0.41,-8.41,14.15,2.7,-11.45,-4.375,certain,certain,-4.375,38.1316666666667,996.109256335534,3,996.109256335534,None,None,None,NaN,NaN,NaN,NaN,NaN,1057598,1060099,1064901,0,0,1066102
True,True,True,0.59,-0.41,-8.82,14.56,0.7,-13.86,-6.58,certain,certain,-6.58,31.5516666666667,1005.19617483468,3,1005.19617483468,None,None,None,1011.53193578793,1012.53232008999,0.5,7.50288434524555,1015.53348643548,1068502,1070123,1074925,1077306,1080907,1086350
True,True,True,0.5,-0.5,-9.32,16.32,7.5,-8.82,-0.66,gamble,win,7.5,39.0516666666667,1022.07395110501,1,1022.07395110501,None,None,None,NaN,NaN,NaN,NaN,NaN,1088750,1090311,1095112,0,0,1096314
True,True,False,0.5,-0.5,-9.82,16.82,13.9,-2.92,-1.46,gamble,win,13.9,52.9516666666667,1030.37258707272,1,1030.37258707272,None,None,None,1036.34160772007,1037.34194178443,0.57,7.50299729994731,1040.3431350087,1098714,1099894,1104696,1107077,1110679,1116102
True,False,True,0.57,-0.43,-10.25,-2.35916666666667,-1.3,-3.65916666666667,-2.47958333333333,certain,certain,-2.47958333333333,50.4720833333334,1046.86233251181,3,1046.86233251181,None,None,None,NaN,NaN,NaN,NaN,NaN,1118502,1120582,1125384,0,0,1126586
True,False,False,0.57,-0.43,-10.68,-2.395,6.7,4.305,2.1525,gamble,lose,4.305,54.7770833333334,1055.59906673158,1,1055.59906673158,None,None,None,NaN,NaN,NaN,NaN,NaN,1128986,1130046,1134828,0,0,1136050
True,True,True,0.57,-0.43,-11.11,17.13,2.5,-14.63,-6.065,certain,certain,-6.065,48.7120833333334,1063.48547651852,3,1063.48547651852,None,None,None,1070.05468416511,1071.05507038708,0.5,7.50261171802413,1074.05623929249,1138450,1140350,1145152,1147533,1151135,1156578
True,True,False,0.5,-0.5,-11.61,18.61,0.1,-18.51,-9.205,certain,certain,-9.205,39.5070833333334,1080.59669596236,3,1080.59669596236,None,None,None,NaN,NaN,NaN,NaN,NaN,1158978,1160638,1165420,0,0,1166642
True,True,False,0.5,-0.5,-12.11,19.11,5.3,-13.81,-4.255,gamble,win,5.3,44.8070833333334,1088.97870659479,1,1088.97870659479,None,None,None,1095.18115025666,1096.18150959985,0.58,7.50294994213618,1099.1826273076,1169042,1170502,1175304,1177685,1181286,1186710
True,False,False,0.58,-0.42,-12.53,-2.51416666666667,3.9,1.38583333333333,0.692916666666666,gamble,lose,1.38583333333333,46.1929166666667,1105.70188176807,1,1105.70188176807,None,None,None,NaN,NaN,NaN,NaN,NaN,1189110,1190190,1194972,0,0,1196193
True,True,False,0.58,-0.42,-12.95,18.83,7.7,-11.13,-1.715,gamble,win,7.7,53.8929166666667,1113.6049496567,1,1113.6049496567,None,None,None,1119.65729409119,1120.65768767282,0.61,7.50291986356024,1123.65882937948,1198593,1199874,1204676,1207057,1210658,1216061
