isCongruent,isWinOnTop,lastHappyRating,diff,sumDiff,RPE,winAmount,loseAmount,certainAmount,choice,outcome,outcomeAmount,currentWinnings,fixCross_started,outcome1Box_stopped,choiceKey_started,choiceKey_stopped,outcome2Box_2_started,outcome2Box_3_started,choiceKey_rt,fixCross_ISI_stopped,happyText_stopped,happySlider_rt,happySlider_started,happySlider_stopped,trial_sample,choice_sample,outcome_sample,happyText_sample,happySlider_sample,fixCross_ITI_sample
False,True,1,0,0,-0.03,13.3,13.27,6.635,gamble,lose,13.27,13.27,644.365525450557,None,644.365525450557,None,647.366661066946,651.368180021876,NaN,,,NaN,NaN,,15102,18704,23506,0,0,24707
True,False,1,0,0,0.03,7.1,7.07,3.535,gamble,win,7.1,20.37,654.369306038832,None,654.369306038832,None,657.203786667902,661.188561280549,2.80132248596055,,,NaN,NaN,,27107,30508,35290,0,0,36511
True,False,1,0,0,0.03,2.7,2.67,1.335,gamble,win,2.7,23.07,664.206371803128,None,664.206371803128,None,667.207498460077,671.192349548393,NaN,None,None,7.50276672502514,676.194281920209,None,38911,42513,47295,49696,53297,58720
True,True,1,0,0,0.03,4.1,4.07,2.035,gamble,win,4.1,27.17,682.71341220889,None,682.71341220889,None,684.030542609573,688.01539017813,1.28404713334749,,,NaN,NaN,,61120,62701,67483,0,0,68704
True,True,1,0,0,0.03,9.9,9.87,4.935,gamble,win,9.9,37.07,691.033166462672,None,691.033166462672,None,694.034327037632,698.01915828709,NaN,None,None,7.51941251289099,703.021044261521,None,71104,74705,79487,81888,85490,90933
True,True,1,0,0,0.03,-1.1,-1.13,-1.115,certain,certain,-1.115,35.955,709.556860335812,None,709.556860335812,None,712.324560704583,716.326101098326,2.73460814193822,,,NaN,NaN,,93333,96654,101456,0,0,102657
True,False,1,0,0,0.03,6.1,6.07,3.035,gamble,win,6.1,42.055,719.327252073854,None,719.327252073854,None,720.944573983841,724.929359155882,1.58418392570456,,,NaN,NaN,,105057,106998,111780,0,0,113001
False,False,1,0,0,-0.03,7.7,7.67,3.835,gamble,lose,7.67,49.725,727.947100882302,None,727.947100882302,None,729.364371595148,733.349207004358,1.38399737619329,None,None,7.50275392574258,738.351087539049,None,115401,117102,121884,124285,127886,133309
True,False,1,0,0,0.03,-0.5,-0.53,-0.515,gamble,win,-0.5,49.225,744.870241186465,None,744.870241186465,None,747.604641980026,751.60616701463,2.70130760676693,,,NaN,NaN,,135709,138991,143790,0,0,144994
False,False,1,0,0,-0.03,-0.7,-0.73,-0.715,certain,certain,-0.715,48.51,754.607254953706,None,754.607254953706,None,756.858134984388,760.859620981209,2.21774652623571,None,None,7.50277408468537,765.844829489535,None,147394,150095,154897,157278,160879,166302
False,False,1,0,0,-0.03,1.5,1.47,1.485,gamble,lose,1.47,49.98,772.363970977603,None,772.363970977603,None,775.348444807052,779.349973041506,NaN,,,NaN,NaN,,168702,172284,177085,0,0,178307
True,True,1,0,0,0.03,7.5,7.47,3.735,gamble,win,7.5,57.48,782.3677634052,None,782.3677634052,None,783.868279696326,787.853146783775,1.46742662409088,None,None,7.50280416297028,792.855054836895,None,180707,182508,187289,189690,193292,198715
False,True,1,0,0,-0.03,0.9,0.87,0.885,certain,certain,0.885,58.365,799.374205284461,None,799.374205284461,None,801.875149711617,805.859982880938,2.46785636007553,,,NaN,NaN,,201115,204116,208898,0,0,210120
False,False,1,0,0,-0.03,0.7,0.67,0.685,certain,certain,0.685,59.05,808.877798843256,None,808.877798843256,None,811.528806866787,815.513648355671,2.61787579901284,,,NaN,NaN,,212520,215703,220483,0,0,221704
True,False,1,0,0,0.03,0.1,0.07,0.085,gamble,win,0.1,59.15,818.531461758132,None,818.531461758132,None,821.06574287836,825.050577967602,2.50118729349924,None,None,7.50276480516186,830.052508419496,None,224104,227145,231927,234328,237929,243352
True,True,1,0,0,0.03,9.7,9.67,4.835,gamble,win,9.7,68.85,836.571614709566,None,836.571614709566,None,838.172223315458,842.157063524413,1.56751093937783,,,NaN,NaN,,245752,247673,252455,0,0,253677
True,True,1,0,0,0.03,3.5,3.47,1.735,gamble,win,3.5,72.35,845.174912444898,None,845.174912444898,None,847.342356188048,851.327236394747,2.13435951591237,None,None,7.50261313363444,856.329076931695,None,256077,258677,263460,265860,269462,274885
True,True,1,0,0,0.03,9.1,9.07,4.535,gamble,win,9.1,81.45,862.848176502099,None,862.848176502099,None,864.115375938942,868.100217747793,1.23410880990559,,,NaN,NaN,,277285,278805,283587,0,0,284809
True,True,1,0,0,0.03,-0.1,-0.13,-0.115,certain,certain,-0.115,81.335,871.117980913026,None,871.117980913026,None,873.885686401511,877.887259113486,2.73460558208171,,,NaN,NaN,,287209,290530,295332,0,0,296533
False,False,1,0,0,-0.03,13.7,13.67,6.835,gamble,lose,13.67,95.005,880.888391850051,None,880.888391850051,None,882.372286991915,886.373796027387,1.45080483495258,None,None,7.50274080649251,891.35900037596,None,298933,300714,305516,307897,311498,316921
False,True,1,0,0,-0.03,5.1,5.07,2.535,gamble,lose,5.07,100.075,897.878151783487,None,897.878151783487,None,899.278681353841,903.263522202731,1.36744374316186,,,NaN,NaN,,319321,321002,325784,0,0,327005
True,True,1,0,0,0.03,1.7,1.67,1.685,gamble,win,1.7,101.775,906.281331125414,None,906.281331125414,None,909.032369707245,913.01721535594,2.71795499452855,None,None,7.50271904771216,918.019093330775,None,329405,332707,337488,339889,343491,348914
True,True,1,0,0,0.03,1.9,1.87,1.885,certain,certain,1.885,103.66,924.538244418276,None,924.538244418276,None,926.989185565559,930.990630284708,2.43450398778077,,,NaN,NaN,,351314,354255,359057,0,0,360278
False,True,1,0,0,-0.03,3.9,3.87,1.935,gamble,lose,3.87,107.53,934.008531042258,None,934.008531042258,None,936.009288119851,939.994091850822,1.96762517298339,None,None,7.50278784392867,944.995929507946,None,362678,365079,369861,372262,375863,381287
True,True,1,0,0,0.03,4.9,4.87,2.435,gamble,win,4.9,112.43,951.515115793503,None,951.515115793503,None,952.882295871386,956.867144079879,1.33409201086033,,,NaN,NaN,,383687,385327,390109,0,0,391330
True,True,1,0,0,0.03,8.7,8.67,4.335,gamble,win,8.7,121.13,959.885003879783,None,959.885003879783,None,961.05206780415,965.036941611266,1.13398705673171,,,NaN,NaN,,393730,395131,399913,0,0,401134
True,False,1,0,0,0.03,12.3,12.27,6.135,gamble,win,12.3,133.43,968.05471341603,None,968.05471341603,None,969.822049325216,973.80687993468,1.73423536284827,None,None,7.50271456799237,978.808739030617,None,403534,405655,410437,412838,416439,421842
True,True,1,1,1,-15,7.1,-7.9,-0.4,gamble,lose,-7.9,125.53,1005.41885654401,None,1005.41885654401,None,1008.25330293499,1012.23809674656,2.80130552692572,,,NaN,NaN,,448372,451773,456555,0,0,457776
True,True,1,1,2,-16,0.7,-15.3,-7.3,gamble,lose,-15.3,110.23,1015.25591462874,None,1015.25591462874,None,1018.25704576541,1022.25855640083,NaN,None,None,7.50270272861235,1027.24377322866,None,460176,463778,468580,470961,474562,479985
True,False,0.94,0.94,2.94,-16.1,0.5,-15.6,-7.55,certain,certain,-7.55,102.68,1033.76291599666,None,1033.76291599666,None,1036.43058836705,1040.43210892187,2.63461534155067,,,NaN,NaN,,482385,485587,490388,0,0,491590
False,True,0.94,0.94,3.88,3.61333333333333,1.875,-1.73833333333333,0.0683333333333334,gamble,win,1.875,104.555,1043.43324549822,None,1043.43324549822,None,1045.71744494303,1049.70228739188,2.25110913789831,None,None,7.50281664228532,1054.70416408678,None,493990,496731,501513,0,507516,512938
False,False,0.97,0.97,4.85,3.79916666666667,3.075,-0.724166666666667,1.17541666666667,gamble,win,3.075,107.63,1061.22330685478,None,1061.22330685478,None,1062.55714767973,1066.54199268838,1.30073163902853,,,NaN,NaN,,515338,516939,521721,0,0,522942
True,False,0.97,0.97,5.82,-19.4,5.9,-13.5,-3.8,gamble,lose,-13.5,94.13,1069.55984160886,None,1069.55984160886,None,1072.56093114783,1076.5625070596,NaN,,,NaN,NaN,,525342,528944,533745,0,0,534947
False,True,0.97,0.97,6.79,3.96083333333333,1.375,-2.58583333333333,-0.605416666666667,gamble,win,1.375,95.505,1079.56358379929,None,1079.56358379929,None,1082.26464278001,1086.24944843084,2.66792419628473,None,None,7.50276864494663,1091.25132800563,None,537347,540588,545370,547771,551373,556795
False,False,0.98,0.98,7.77,4.0775,3.275,-0.8025,1.23625,gamble,win,3.275,98.78,1097.77045189467,None,1097.77045189467,None,1099.10431511834,1103.08911980927,1.30077355669346,,,NaN,NaN,,559195,560796,565578,0,0,566799
True,True,0.98,0.98,8.75,-22.47,-0.9,-23.37,-12.135,gamble,lose,-23.37,75.41,1106.10696488991,None,1106.10696488991,None,1109.10810274625,1113.10959962237,NaN,None,None,7.5027840040857,1118.0948170902,None,569199,572800,577602,579983,583585,589008
True,False,0.93,0.93,9.68,-22.7,12.7,-10,1.35,certain,certain,1.35,76.76,1124.6139729775,None,1124.6139729775,None,1126.24791987648,1130.2494010735,1.60066460282542,,,NaN,NaN,,591408,593369,598171,0,0,599372
True,True,0.93,0.93,10.61,-23.63,7.7,-15.93,-4.115,gamble,lose,-15.93,60.83,1133.25057092798,None,1133.25057092798,None,1135.18464565981,1139.18620557245,1.90078443608945,,,NaN,NaN,,601772,604093,608895,0,0,610096
True,False,0.93,0.93,11.54,-24.56,7.3,-17.26,-4.98,certain,certain,-4.98,55.85,1142.18733350933,None,1142.18733350933,None,1145.0216883854,1149.02320926025,2.80127672851086,None,None,7.50272544741165,1154.00840048958,None,612496,615897,620699,623080,626682,632105
True,True,0.91,0.91,12.45,-25.19,7.9,-17.29,-4.695,gamble,lose,-17.29,38.56,1160.52751253929,None,1160.52751253929,None,1162.29493452364,1166.29645347857,1.73428847984178,,,NaN,NaN,,634505,636626,641428,0,0,642629
True,False,0.91,0.91,13.36,-26.1,5.3,-20.8,-7.75,gamble,lose,-20.8,17.76,1169.2975766157,None,1169.2975766157,None,1171.89850808354,1175.9000455974,2.56785811996087,None,None,7.502744966303,1180.88528770389,None,645029,648150,652952,655333,658934,664358
True,True,0.88,0.88,14.24,-26.56,8.3,-18.26,-4.98,gamble,lose,-18.26,-0.499999999999993,1187.40440999303,None,1187.40440999303,None,1190.40553505003,1194.40705496492,NaN,,,NaN,NaN,,666758,670359,675161,0,0,676362
True,False,0.88,0.88,15.12,-27.44,6.3,-21.14,-7.42,certain,certain,-7.42,-7.91999999999999,1197.4082027406,None,1197.4082027406,None,1199.82577295671,1203.81059140683,2.3844677497982,None,None,7.50276704505086,1208.8124927404,None,678762,681663,686445,688846,692448,697871
True,False,0.9,0.9,16.02,-28.62,0.1,-28.52,-14.21,gamble,lose,-28.52,-36.44,1215.3316764661,None,1215.3316764661,None,1218.33276984486,1222.33427312068,NaN,,,NaN,NaN,,700271,703872,708674,0,0,709875
False,False,0.9,0.9,16.92,4.56,2.525,-2.035,0.245,gamble,win,2.525,-33.915,1225.33546953369,None,1225.33546953369,None,1227.16945579043,1231.15430399898,1.80071643984411,,,NaN,NaN,,712275,714476,719258,0,0,720539
True,True,0.9,0.9,17.82,-30.42,10.3,-20.12,-4.91,certain,certain,-4.91,-38.825,1234.2220938027,None,1234.2220938027,None,1236.95648819662,1240.95800331177,2.70129960722988,None,None,7.50265697116265,1245.94320798031,None,722939,726221,731023,733403,737005,742428
False,True,0.91,0.91,18.73,4.74583333333333,0.925,-3.82083333333333,-1.44791666666667,certain,certain,-1.44791666666667,-40.2729166666667,1252.46236578748,None,1252.46236578748,None,1254.79658195138,1258.79809130687,2.30110537813744,,,NaN,NaN,,744828,747629,752431,0,0,753632
True,True,0.91,0.91,19.64,-32.38,5.1,-27.28,-11.09,gamble,lose,-27.28,-67.5529166666666,1261.79917348624,None,1261.79917348624,None,1263.86677194072,1267.86819330114,2.03440383338602,None,None,7.50268608954502,1272.85340564925,None,756032,758513,763315,765696,769297,774721
True,True,0.84,0.84,20.48,-32.24,3.9,-28.34,-12.22,gamble,lose,-28.34,-95.8929166666667,1279.37251321925,None,1279.37251321925,None,1282.37368051388,1286.37523498683,NaN,,,NaN,NaN,,777121,780722,785524,0,0,786725
False,True,0.84,0.84,21.32,4.71666666666667,3.375,-1.34166666666667,1.01666666666667,gamble,win,3.375,-92.5179166666667,1289.37631748623,None,1289.37631748623,None,1290.8268832945,1294.81170558446,1.41746942169266,None,None,7.50270944827935,1299.81359379872,None,789125,790866,795648,798049,801650,807073
False,False,0.94,0.94,22.26,5.145,0.325,-4.82,-2.2475,certain,certain,-2.2475,-94.7654166666667,1306.33275448572,None,1306.33275448572,None,1308.45021510794,1312.43504859728,2.08435655600624,,,NaN,NaN,,809473,812014,816796,0,0,818018
True,False,0.94,0.94,23.2,-36.36,3.3,-33.06,-14.88,certain,certain,-14.88,-109.645416666667,1315.45290455734,None,1315.45290455734,None,1317.10349372431,1321.10500403977,1.61748030112358,,,NaN,NaN,,820418,822398,827200,0,0,828402
True,True,0.94,0.94,24.14,-37.3,10.9,-26.4,-7.75,gamble,lose,-26.4,-136.045416666667,1324.1061460558,None,1324.1061460558,None,1325.45664578781,1329.45814074407,1.31739822571399,None,None,7.50274720613379,1334.44339053013,None,830802,832422,837224,839603,843206,848630
False,False,0.89,0.89,25.03,5.20083333333333,1.675,-3.52583333333333,-0.925416666666667,certain,certain,-0.925416666666667,-136.970833333333,1340.96251697902,None,1340.96251697902,None,1342.86324029852,1346.84808658715,1.86762661288958,,,NaN,NaN,,851030,853310,858093,0,0,859294
False,True,0.94,-0.0600000000000001,-0.0600000000000001,-0.215,9.3,9.085,4.5425,gamble,lose,9.085,-127.885833333333,1367.6892996392,None,1367.6892996392,None,1369.1065050757,1373.09128672793,1.38425496168202,None,None,7.50231907010311,1378.09322005964,None,883102,884803,889585,891986,895587,901010
True,False,0.99,-0.01,-0.0700000000000001,0.21,12.5,12.29,6.145,gamble,win,12.5,-115.385833333333,1384.61232154997,None,1384.61232154997,None,1385.74617485417,1389.73096802575,1.10074283840368,,,NaN,NaN,,903410,904770,909553,0,0,910774
False,True,0.99,-0.01,-0.0800000000000001,-0.0416666666666667,-1.1,-1.14166666666667,-1.12083333333333,certain,certain,-1.12083333333333,-116.506666666667,1392.74878622795,None,1392.74878622795,None,1395.1497016967,1399.13452814642,2.36781044257805,,,NaN,NaN,,913174,916055,920837,0,0,922058
False,True,0.99,-0.01,-0.0900000000000001,-0.0425,4.9,4.8575,2.42875,gamble,lose,4.8575,-111.649166666667,1402.15234858845,None,1402.15234858845,None,1403.03600566369,1407.02085387218,0.850594926683698,None,None,7.50272000767291,1412.02267968992,None,924458,925519,930301,932702,936303,941726
True,True,0.96,-0.04,-0.13,0.690000000000001,6.3,5.61,2.805,gamble,win,6.3,-105.349166666667,1418.54188293451,None,1418.54188293451,None,1419.52559488668,1423.51042677608,0.950629964703694,,,NaN,NaN,,944126,945307,950088,0,0,951310
False,False,0.96,-0.04,-0.17,-0.154166666666667,5.5,5.34583333333333,2.67291666666667,gamble,lose,5.34583333333333,-100.003333333333,1426.5282337789,None,1426.5282337789,None,1427.47859783849,1431.46345084673,0.91726767300861,None,None,7.50273440685123,1436.46531570231,None,953710,954850,959630,962033,965634,971058
False,True,1,0,-0.17,-0.03,1.3,1.27,1.285,gamble,lose,1.27,-98.7333333333333,1442.98446742981,None,1442.98446742981,None,1444.8685296023,1448.85334837245,1.85096290608635,,,NaN,NaN,,973458,975718,980500,0,0,981722
False,True,1,0,-0.17,-0.03,13.5,13.47,6.735,gamble,lose,13.47,-85.2633333333333,1451.87116721459,None,1451.87116721459,None,1452.90489076608,1456.90641676064,1.00068732153159,None,None,7.50267521018395,1461.89160511008,None,984122,985362,990164,992545,996146,1001569
True,True,1,0,-0.17,0.17,1.1,0.93,1.015,certain,certain,1.015,-84.2483333333333,1468.41072963912,None,1468.41072963912,None,1470.22806594829,1474.21295479452,1.78429943922674,,,NaN,NaN,,1003969,1006150,1010932,0,0,1012154
False,True,1,0,-0.17,-0.03,8.5,8.47,4.235,gamble,lose,8.47,-75.7783333333333,1477.23076659703,None,1477.23076659703,None,1478.08108409925,1482.06592942792,0.817293111584149,,,NaN,NaN,,1014554,1015574,1020356,0,0,1021577
True,False,1,0,-0.17,0.17,10.3,10.13,5.065,gamble,win,10.3,-65.4783333333333,1485.08373355091,None,1485.08373355091,None,1486.16747830121,1490.1689918164,1.05065188353183,None,None,7.50270944827935,1495.15420032473,None,1023977,1025278,1030080,1032461,1036062,1041483
True,False,1,0,-0.17,0.17,7.5,7.33,3.665,gamble,win,7.5,-57.9783333333333,1501.67335429211,None,1501.67335429211,None,1503.10723079502,1507.0920991624,1.40078267618082,,,NaN,NaN,,1043883,1045606,1050388,0,0,1051609
True,False,1,0,-0.17,0.17,6.1,5.93,2.965,gamble,win,6.1,-51.8783333333333,1510.10986712744,None,1510.10986712744,None,1511.39364067611,1515.37853656191,1.25076387723675,None,None,7.50277408468537,1520.38043885538,None,1054009,1055550,1060332,1062733,1066334,1071757
True,False,1,0,-0.17,0.17,7.3,7.13,3.565,gamble,win,7.3,-44.5783333333333,1526.89956594427,None,1526.89956594427,None,1528.41681089858,1532.4183151343,1.48415368737187,,,NaN,NaN,,1074157,1075978,1080780,0,0,1081981
False,True,1,0,-0.17,-0.03,13.7,13.67,6.835,gamble,lose,13.67,-30.9083333333333,1535.41949778813,None,1535.41949778813,None,1536.73662434903,1540.73813210457,1.2840336940717,,,NaN,NaN,,1084381,1085961,1090764,0,0,1091965
True,True,1,0,-0.17,0.17,-1.3,-1.47,-1.385,certain,certain,-1.385,-32.2933333333333,1543.73922100361,None,1543.73922100361,None,1545.20648923656,1549.20800435171,1.43418112589279,None,None,7.50263009272749,1554.19316102297,None,1094365,1096126,1100927,1103309,1106910,1112333
False,True,1,0,-0.17,-0.03,6.7,6.67,3.335,gamble,lose,6.67,-25.6233333333333,1560.71231243049,None,1560.71231243049,None,1561.74608941894,1565.73092578811,1.0006854016101,,,NaN,NaN,,1114733,1115971,1120755,0,0,1121977
True,True,1,0,-0.17,0.17,9.9,9.73,4.865,gamble,win,9.9,-15.7233333333333,1568.74866079498,None,1568.74866079498,None,1569.81580711476,1573.80063804425,1.03405697277049,None,None,7.51938371447613,1578.80252657848,None,1124377,1125657,1130439,1132840,1136441,1141884
True,False,1,0,-0.17,0.17,1.5,1.33,1.415,gamble,win,1.5,-14.2233333333333,1585.33834809245,None,1585.33834809245,None,1587.5058318334,1591.49067972193,2.1344222323969,,,NaN,NaN,,1144284,1146886,1151665,0,0,1152889
True,False,1,0,-0.17,0.17,13.3,13.13,6.565,gamble,win,13.3,-0.923333333333334,1594.50847872515,None,1594.50847872515,None,1595.39216395881,1599.39367427421,0.850688681413885,None,None,7.50273728667526,1604.37888118264,None,1155289,1156349,1161151,1163533,1167133,1172557
True,True,1,0,-0.17,0.17,12.9,12.73,6.365,gamble,win,12.9,11.9766666666667,1610.89800923143,None,1610.89800923143,None,1612.08184405672,1616.08335469209,1.15090770914685,,,NaN,NaN,,1174957,1176377,1181179,0,0,1182380
True,False,1,0,-0.17,0.17,0.9,0.73,0.815,gamble,win,0.9,12.8766666666667,1619.08449926804,None,1619.08449926804,None,1620.9185031238,1624.92000415974,1.80089658981888,,,NaN,NaN,,1184780,1186981,1191783,0,0,1192984
True,False,1,0,-0.17,0.17,0.3,0.13,0.215,gamble,win,0.3,13.1766666666667,1627.92111097777,None,1627.92111097777,None,1630.35539033811,1634.35690673318,2.40119577303994,None,None,7.50269984878832,1639.34210724197,None,1195384,1198306,1203108,1205488,1209090,1214513
True,False,1,0,-0.17,0.17,7.9,7.73,3.865,gamble,win,7.9,21.0766666666667,1645.86126728903,None,1645.86126728903,None,1647.02837313106,1651.0132098202,1.1340120153618,,,NaN,NaN,,1216913,1218313,1223095,0,0,1224317
True,False,1,0,-0.17,0.17,2.9,2.73,1.365,gamble,win,2.9,23.9766666666667,1654.03099058452,None,1654.03099058452,None,1655.44822705927,1659.43305510888,1.38408889103448,None,None,7.50263105263002,1664.43494012335,None,1226717,1228418,1233200,1235598,1239202,1244625
False,False,1,0,-0.17,-0.03,11.1,11.07,5.535,gamble,lose,11.07,35.0466666666667,1670.95404321357,None,1670.95404321357,None,1672.08779956319,1676.0726922492,1.10065836313879,,,NaN,NaN,,1247025,1248385,1253167,0,0,1254389
False,True,1,0,-0.17,-0.03,5.1,5.07,2.535,gamble,lose,5.07,40.1166666666667,1679.09050597163,None,1679.09050597163,None,1680.17424176243,1684.15906277247,1.05064804368885,None,None,7.5027635252336,1689.1609154687,None,1256789,1258089,1262871,1265272,1268873,1274276
