isWinOnTop,lastHappyRating,diff,sumDiff,RPE,winAmount,loseAmount,certainAmount,choice,outcome,outcomeAmount,currentWinnings,fixCross_started,fixCross_stopped,outcome2Box_started,choiceKey_stopped,fixCross_2_started,outcome2Box_2_stopped,outcome2Box_3_stopped,fixCross_ISI_started,happyText_started,happySlider_response,happySlider_started,happySlider_stopped,happyResp_keys,trial_sample,choice_sample,outcome_sample,happyText_sample,happySlider_sample,fixCross_ITI_sample
False,0.94,-0.0600000000000001,-0.0600000000000001,0.900000000000001,-1.3,-2.2,-1.75,gamble,win,-1.3,-1.3,368.623877168862,None,368.623877168862,None,371.625090876045,None,None,NaN,NaN,NaN,NaN,,,15838,19439,24221,0,0,25442
False,0.94,-0.0600000000000001,-0.12,0.960000000000001,8.9,7.94,3.97,gamble,win,8.9,7.6,378.627786118748,None,378.627786118748,None,380.195120148368,None,None,NaN,NaN,NaN,NaN,,,27842,29723,34505,0,0,35727
True,0.94,-0.0600000000000001,-0.18,1.02,12.1,11.08,5.54,gamble,win,12.1,19.7,387.197811231254,None,387.197811231254,None,388.831782680816,None,None,393.817110359356,394.817571779273,0.83,397.818662291815,None,None,38127,40088,44869,47270,50871,56295
True,0.83,-0.17,-0.35,2.73,8.7,5.97,2.985,gamble,win,8.7,28.4,404.337894094846,None,404.337894094846,None,405.721774028392,None,None,NaN,NaN,NaN,NaN,,,58695,60355,65158,0,0,66358
True,0.83,-0.17,-0.52,2.9,1.1,-1.8,-0.350000000000001,gamble,win,1.1,29.5,412.72450894937,None,412.72450894937,None,415.075380079455,None,None,420.060659120114,421.061109020535,0.82,424.06226353029,None,None,68758,71580,76382,78762,82364,87807
False,0.82,-0.18,-0.7,-0.688333333333333,6.9,6.21166666666667,3.10583333333333,gamble,lose,6.21166666666667,35.7116666666667,430.598221645392,None,430.598221645392,None,431.815309797716,None,None,NaN,NaN,NaN,NaN,,,90207,91667,96450,0,0,97671
False,0.82,-0.18,-0.88,3.4,-1.5,-4.9,-3.2,gamble,win,-1.5,34.2116666666667,438.8180514384,None,438.8180514384,None,441.585803625825,None,None,NaN,NaN,NaN,NaN,,,100071,103392,108194,0,0,109396
True,0.82,-0.18,-1.06,3.58,4.1,0.519999999999999,0.259999999999999,gamble,win,4.1,38.3116666666667,448.58854494652,None,448.58854494652,None,450.355899391256,None,None,455.341186431564,456.341524016872,0.85,459.342687166252,None,None,111796,113917,118698,121099,124700,130124
True,0.85,-0.15,-1.21,-0.625833333333333,9.1,8.47416666666667,4.23708333333333,gamble,lose,8.47416666666667,46.7858333333333,465.862056883281,None,465.862056883281,None,467.479212424674,None,None,NaN,NaN,NaN,NaN,,,132524,134464,139266,0,0,140468
True,0.85,-0.15,-1.36,3.46,7.5,4.04,2.02,gamble,win,7.5,54.2858333333333,474.481950865498,None,474.481950865498,None,475.799187299366,None,None,480.784419942043,481.784863762728,0.86,484.786043551383,None,None,142868,144448,149230,151632,155233,160656
True,0.86,-0.14,-1.5,-0.615,11.9,11.285,5.6425,gamble,lose,11.285,65.5708333333333,491.305227036519,None,491.305227036519,None,492.439027293531,None,None,NaN,NaN,NaN,NaN,,,163056,164416,169198,0,0,170419
False,0.86,-0.14,-1.64,3.6,10.7,7.1,3.55,gamble,win,10.7,76.2708333333333,499.441775973908,None,499.441775973908,None,500.625568295265,None,None,505.610910053194,506.61124283871,0.92,509.612382949093,None,None,172819,174240,179022,181423,185024,190448
False,0.92,-0.08,-1.72,2.84,0.1,-2.74,-1.32,gamble,win,0.1,76.3708333333333,516.131622751775,None,516.131622751775,None,518.165769105726,None,None,NaN,NaN,NaN,NaN,,,192848,195288,200070,0,0,201292
False,0.92,-0.08,-1.8,2.92,-1.1,-4.02,-2.56,gamble,win,-1.1,75.2708333333333,525.168516186175,None,525.168516186175,None,527.636163034182,None,None,NaN,NaN,NaN,NaN,,,203692,206653,211455,0,0,212656
False,0.92,-0.08,-1.88,3,11.7,8.7,4.35,gamble,win,11.7,86.9708333333333,534.638918754255,None,534.638918754255,None,535.856017146132,None,None,540.841248828849,541.841646891524,0.94,544.842799481365,None,None,215056,216517,221298,223699,227301,232724
True,0.94,-0.0600000000000001,-1.94,2.78,2.3,-0.480000000000002,0.909999999999999,gamble,win,2.3,89.2708333333333,551.362049523603,None,551.362049523603,None,553.612965323748,None,None,NaN,NaN,NaN,NaN,,,235124,237825,242627,0,0,243829
True,0.94,-0.0600000000000001,-2,-0.376666666666667,4.9,4.52333333333333,2.26166666666667,gamble,lose,4.52333333333333,93.7941666666667,560.615655766658,None,560.615655766658,None,561.599412633561,None,None,566.584682394619,567.585046218788,0.83,570.586217047832,None,None,246229,247409,252191,254592,258193,263616
False,0.83,-0.17,-2.17,4.55,-0.3,-4.85,-2.575,certain,certain,-2.575,91.2191666666667,577.105443731089,None,577.105443731089,None,579.95660316863,None,None,NaN,NaN,NaN,NaN,,,266016,269437,274239,0,0,275441
True,0.83,-0.17,-2.34,4.72,3.1,-1.62,0.739999999999999,gamble,win,3.1,94.3191666666666,586.959296491415,None,586.959296491415,None,588.509949327003,None,None,NaN,NaN,NaN,NaN,,,277841,279702,284483,0,0,285705
True,0.83,-0.17,-2.51,4.89,2.1,-2.79,-0.345000000000001,gamble,win,2.1,96.4191666666666,595.512691607659,None,595.512691607659,None,597.330064995571,None,None,602.31535171589,603.315691221116,0.84,606.316830371539,None,None,288105,290286,295088,297468,301070,306493
True,0.84,-0.16,-2.67,4.91,8.3,3.39,1.695,gamble,win,8.3,104.719166666667,612.836084573599,None,612.836084573599,None,614.220005785348,None,None,NaN,NaN,NaN,NaN,,,308893,310553,315335,0,0,316557
False,0.84,-0.16,-2.83,5.07,4.7,-0.370000000000001,-0.185,gamble,win,4.7,109.419166666667,621.222751905836,None,621.222751905836,None,622.689990451614,None,None,627.675265012465,628.675670754808,0.84,631.676814065049,None,None,318957,320717,325520,327900,331501,336925
True,0.84,-0.16,-2.99,5.23,5.1,-0.130000000000002,-0.0650000000000008,gamble,win,5.1,114.519166666667,638.196063787302,None,638.196063787302,None,639.429870892018,None,None,NaN,NaN,NaN,NaN,,,339325,340806,345607,0,0,346809
False,0.84,-0.16,-3.15,5.39,2.5,-2.89,-0.195000000000001,gamble,win,2.5,117.019166666667,646.432567094678,None,646.432567094678,None,648.300024702923,None,None,653.285263105347,654.285678447271,0.87,657.286849916291,None,None,349209,351450,356252,358632,362234,367657
True,0.87,-0.13,-3.28,5.1,2.9,-2.2,0.349999999999999,gamble,win,2.9,119.919166666667,663.806021241955,None,663.806021241955,None,665.05656105846,None,None,NaN,NaN,NaN,NaN,,,370057,371558,376359,0,0,377561
True,0.87,-0.13,-3.41,-0.739166666666667,8.1,7.36083333333333,3.68041666666667,gamble,lose,7.36083333333333,127.28,672.059306218991,None,672.059306218991,None,673.09304203081,None,None,NaN,NaN,NaN,NaN,,,379961,381201,385983,0,0,387204
False,0.87,-0.13,-3.54,5.36,5.7,0.339999999999999,0.169999999999999,gamble,win,5.7,132.98,680.095776631799,None,680.095776631799,None,681.563023497216,None,None,686.548255819904,687.548690680978,0.83,690.549788233213,None,None,389604,391365,396147,398548,402149,407553
False,0.86,0.86,0.86,3.08166666666667,3.025,-0.0566666666666666,1.48416666666667,gamble,win,3.025,136.005,711.69147262711,None,711.69147262711,None,713.692222034497,None,None,NaN,NaN,NaN,NaN,,,427519,429920,434702,0,0,435923
True,0.86,0.86,1.72,3.15333333333333,0.975,-2.17833333333333,-0.601666666666667,gamble,win,0.975,136.98,720.694940316196,None,720.694940316196,None,722.312292329036,None,None,727.29757168968,728.297963352634,0.87,731.299130981817,None,None,438323,440264,445066,447447,451049,456471
True,0.87,0.87,2.59,3.26083333333333,1.175,-2.08583333333333,-0.455416666666667,gamble,win,1.175,138.155,737.818364704766,None,737.818364704766,None,739.435661040028,None,None,NaN,NaN,NaN,NaN,,,458871,460812,465614,0,0,466816
False,0.87,0.87,3.46,-15.64,7.3,-8.34,-0.52,gamble,lose,-8.34,129.815,746.438374521938,None,746.438374521938,None,747.855630602953,None,None,752.840899724044,753.841296506773,0.46,756.842425097657,None,None,469216,470916,475718,478099,481701,487124
True,0.46,0.46,3.92,1.93666666666667,2.425,0.488333333333333,1.45666666666667,gamble,win,2.425,132.24,763.361686019423,None,763.361686019423,None,764.81222097214,None,None,NaN,NaN,NaN,NaN,,,489524,491264,496046,0,0,497267
False,0.46,0.46,4.38,-10.82,13.5,2.68,1.34,gamble,lose,2.68,134.92,771.814955253147,None,771.814955253147,None,773.148812083695,None,None,NaN,NaN,NaN,NaN,,,499667,501268,506070,0,0,507272
True,0.46,0.46,4.84,-11.28,0.9,-10.38,-4.74,gamble,lose,-10.38,124.54,780.151555964283,None,780.151555964283,None,783.152759111923,None,None,788.138017353482,789.138406776536,0.44,792.13954336707,None,None,509672,513273,518075,520456,524057,529480
True,0.44,0.44,5.28,-11.44,1.9,-9.54,-3.82,certain,certain,-3.82,120.72,798.658832447611,None,798.658832447611,None,800.626265224935,None,None,NaN,NaN,NaN,NaN,,,531880,534241,539043,0,0,540245
True,0.44,0.44,5.72,-11.88,6.1,-5.78,0.159999999999999,gamble,lose,-5.78,114.94,807.628998225995,None,807.628998225995,None,808.81285518454,None,None,813.798027989818,814.798468290657,0.39,817.799618640594,None,None,542645,544065,548847,551248,554849,560272
True,0.39,0.39,6.11,1.87416666666667,2.975,1.10083333333333,0.550416666666667,gamble,win,2.975,117.915,824.318900041468,None,824.318900041468,None,825.669390708113,None,None,NaN,NaN,NaN,NaN,,,562672,564293,569075,0,0,570296
False,0.39,0.39,6.5,-11.96,12.3,0.34,0.17,gamble,lose,0.34,118.255,832.672131388841,None,832.672131388841,None,834.022600616419,None,None,NaN,NaN,NaN,NaN,,,572696,574317,579119,0,0,580321
False,0.39,0.39,6.89,-12.35,6.7,-5.65,0.525,certain,certain,0.525,118.78,841.025402094499,None,841.025402094499,None,843.44299448088,None,None,848.428284081074,849.42868630357,0.58,852.42981521444,None,None,582721,585621,590403,592804,596405,601829
True,0.58,0.58,7.47,2.6525,0.375,-2.2775,-0.95125,gamble,win,0.375,119.155,858.949072936342,None,858.949072936342,None,861.08326101648,None,None,NaN,NaN,NaN,NaN,,,604229,606790,611592,0,0,612793
False,0.58,0.58,8.05,-16.17,2.7,-13.47,-5.385,gamble,lose,-13.47,105.685,868.085985377915,None,868.085985377915,None,871.087103729245,None,None,876.072436847546,877.072828190514,0.46,880.073993899783,None,None,615193,618794,623596,625977,629578,635001
True,0.46,0.46,8.51,-14.95,13.1,-1.85,-0.925,gamble,lose,-1.85,103.835,886.593221223011,None,886.593221223011,None,888.493966982554,None,None,NaN,NaN,NaN,NaN,,,637401,639682,644485,0,0,645686
False,0.46,0.46,8.97,-15.41,4.5,-10.91,-3.205,certain,certain,-3.205,100.63,895.496714063003,None,895.496714063003,None,897.897594536684,None,None,902.882879017103,903.883293719056,0.56,906.884477667529,None,None,648086,650967,655769,658150,661751,667174
False,0.56,0.56,9.53,-17.37,7.5,-9.87,-1.185,certain,certain,-1.185,99.445,913.403705950714,None,913.403705950714,None,915.704584376486,None,None,NaN,NaN,NaN,NaN,,,669574,672335,677137,0,0,678339
False,0.56,0.56,10.09,-17.93,3.3,-14.63,-5.665,certain,certain,-5.665,93.78,922.707357695792,None,922.707357695792,None,925.141620076694,None,None,NaN,NaN,NaN,NaN,,,680739,683660,688462,0,0,689663
True,0.56,0.56,10.65,2.8475,2.725,-0.1225,1.30125,gamble,win,2.725,96.505,932.144376756722,None,932.144376756722,None,933.661583047902,None,None,938.64692640576,939.647311029021,0.65,942.648467138708,None,None,692063,693884,698666,701067,704669,710091
False,0.65,0.65,11.3,-20.4,-0.7,-21.1,-10.9,gamble,lose,-21.1,75.405,949.16771942085,None,949.16771942085,None,952.168848651705,None,None,NaN,NaN,NaN,NaN,,,712491,716093,720895,0,0,722096
False,0.65,0.65,11.95,3.27083333333333,1.425,-1.84583333333333,-0.210416666666667,certain,certain,-0.210416666666667,75.1945833333333,959.171620691064,None,959.171620691064,None,961.672610088008,None,None,966.657875369263,967.658269912092,0.36,970.659477219549,None,None,724496,727497,732299,734680,738281,743704
True,0.36,0.36,12.31,-17.35,8.3,-9.05,-0.375,certain,certain,-0.375,74.8195833333333,977.178607586997,None,977.178607586997,None,979.996428635422,None,None,NaN,NaN,NaN,NaN,,,746104,749486,754288,0,0,755489
True,0.36,0.36,12.67,-17.71,-1.5,-19.21,-10.355,gamble,lose,-19.21,55.6095833333333,986.999169956121,None,986.999169956121,None,989.866884513183,None,None,994.852207391934,995.852638733162,0.31,998.853779483514,None,None,757889,761330,766132,768513,772115,777537
True,0.31,0.31,12.98,-17.32,8.9,-8.42,0.24,gamble,lose,-8.42,47.1895833333333,1005.37297288822,None,1005.37297288822,None,1007.60718253542,None,None,NaN,NaN,NaN,NaN,,,779937,782618,787421,0,0,788622
True,0.31,0.31,13.29,-17.63,4.1,-13.53,-4.715,certain,certain,-4.715,42.4745833333333,1014.60998433348,None,1014.60998433348,None,1016.69411475212,None,None,NaN,NaN,NaN,NaN,,,791022,793523,798325,0,0,799526
True,0.31,0.31,13.6,-17.94,12.7,-5.24000000000001,-2.62,gamble,lose,-5.24000000000001,37.2345833333333,1023.69685959267,None,1023.69685959267,None,1025.21405692424,None,None,1030.19939932214,1031.19978682528,0.44,1034.20095221456,None,None,801926,803747,808549,810930,814531,819954
False,0.44,0.44,14.04,2.71,2.675,-0.0350000000000001,1.32,gamble,win,2.675,39.9095833333333,1040.72016289851,None,1040.72016289851,None,1042.57090283431,None,None,NaN,NaN,NaN,NaN,,,822354,824575,829377,0,0,830558
True,0.48,-0.52,-0.52,7.8,-1.1,-8.9,-5,gamble,win,-1.1,38.8095833333333,1062.59535265025,None,1062.59535265025,None,1065.37983306966,None,None,1070.36511339026,1071.36549993344,0.68,1074.36666596269,None,None,848605,851946,856728,859129,862730,868153
False,0.68,-0.32,-0.84,5.32,3.5,-1.82,0.84,gamble,win,3.5,42.3095833333333,1080.88589424588,None,1080.88589424588,None,1082.65321893191,None,None,NaN,NaN,NaN,NaN,,,870553,872674,877456,0,0,878677
True,0.68,-0.32,-1.16,-1.21666666666667,13.1,11.8833333333333,5.94166666666667,gamble,lose,11.8833333333333,54.1929166666667,1089.65598937134,None,1089.65598937134,None,1091.33996600468,None,None,NaN,NaN,NaN,NaN,,,881077,883098,887880,0,0,889101
True,0.68,-0.32,-1.48,5.96,10.3,4.34,2.17,gamble,win,10.3,64.4929166666667,1098.34274380379,None,1098.34274380379,None,1099.60988545778,None,None,1104.59516609837,1105.59555392149,0.75,1108.59666843299,None,None,891501,893022,897804,900205,903806,909229
True,0.75,-0.25,-1.73,5.23,10.5,5.27,2.635,gamble,win,10.5,74.9929166666667,1115.11594471409,None,1115.11594471409,None,1117.03336814782,None,None,NaN,NaN,NaN,NaN,,,911629,913930,918732,0,0,919933
True,0.75,-0.25,-1.98,5.48,5.1,-0.380000000000001,-0.19,gamble,win,5.1,80.0929166666667,1124.03616386615,None,1124.03616386615,None,1125.70337418915,None,None,1130.68870218768,1131.68909769047,0.86,1134.69020580224,None,None,922333,924334,929136,931517,935119,940541
True,0.86,-0.14,-2.12,4.08,2.1,-1.98,0.0600000000000001,gamble,win,2.1,82.1929166666666,1141.2094622442,None,1141.2094622442,None,1143.02687115057,None,None,NaN,NaN,NaN,NaN,,,942941,945122,949904,0,0,951126
False,0.86,-0.14,-2.26,4.22,13.3,9.08,4.54,gamble,win,13.3,95.4929166666666,1150.02957215302,None,1150.02957215302,None,1151.21338399353,None,None,1156.19863455542,1157.19907421629,0.88,1160.20018680787,None,None,953526,954946,959748,962129,965730,971153
False,0.88,-0.12,-2.38,4.06,12.5,8.44,4.22,gamble,win,12.5,107.992916666667,1166.71946532887,None,1166.71946532887,None,1167.7364773885,None,None,NaN,NaN,NaN,NaN,,,973553,974774,979576,0,0,980777
False,0.88,-0.12,-2.5,-0.628333333333333,4.3,3.67166666666667,1.83583333333333,gamble,lose,3.67166666666667,111.664583333333,1174.73926030739,None,1174.73926030739,None,1176.62336839101,None,None,NaN,NaN,NaN,NaN,,,983177,985438,990240,0,0,991442
True,0.88,-0.12,-2.62,4.3,5.3,0.999999999999999,0.5,gamble,win,5.3,116.964583333333,1183.62608603273,None,1183.62608603273,None,1185.72695492292,None,None,1190.7121805259,1191.71252099108,0.88,1194.71370493956,None,None,993842,996363,1001144,1003545,1007147,1012570
True,0.88,-0.12,-2.74,4.42,0.5,-3.92,-1.71,gamble,win,0.5,117.464583333333,1201.23296714127,None,1201.23296714127,None,1202.98371366878,None,None,NaN,NaN,NaN,NaN,,,1014970,1017070,1021853,0,0,1023074
True,0.88,-0.12,-2.86,4.54,6.9,2.36,1.18,gamble,win,6.9,124.364583333333,1209.98634395431,None,1209.98634395431,None,1210.93671507416,None,None,1215.92199283487,1216.92244081538,0.76,1219.92361804414,None,None,1025474,1026615,1031396,1033797,1037399,1042821
False,0.76,-0.24,-3.1,6.46,7.3,0.839999999999999,0.419999999999999,gamble,win,7.3,131.664583333333,1226.44279544954,None,1226.44279544954,None,1227.62657337153,None,None,NaN,NaN,NaN,NaN,,,1045221,1046642,1051424,0,0,1052646
True,0.76,-0.24,-3.34,6.7,1.1,-5.6,-2.25,gamble,win,1.1,132.764583333333,1234.62936493004,None,1234.62936493004,None,1236.99696173222,None,None,NaN,NaN,NaN,NaN,,,1055046,1057887,1062669,0,0,1063890
False,0.76,-0.24,-3.58,6.94,6.7,-0.240000000000001,-0.120000000000001,gamble,win,6.7,139.464583333333,1243.99969569324,None,1243.99969569324,None,1245.25018239206,None,None,1250.23547071231,1251.23585757548,0.71,1254.23702232479,None,None,1066290,1067791,1072592,1074974,1078575,1083998
False,0.71,-0.29,-3.87,-1.3375,1.3,-0.0375000000000001,0.63125,gamble,lose,-0.0375000000000001,139.427083333333,1260.75620133012,None,1260.75620133012,None,1262.15676533757,None,None,NaN,NaN,NaN,NaN,,,1086398,1088079,1092860,0,0,1094082
True,0.71,-0.29,-4.16,-1.36166666666667,8.5,7.13833333333333,3.56916666666667,gamble,lose,7.13833333333333,146.565416666667,1269.15951529789,None,1269.15951529789,None,1271.176999017,None,None,1276.16227901762,1277.16265436128,0.85,1280.16383255001,None,None,1096482,1098902,1103685,1106086,1109687,1115110
False,0.85,-0.15,-4.31,6.41,7.1,0.689999999999998,0.344999999999999,gamble,win,7.1,153.665416666667,1286.68306339308,None,1286.68306339308,None,1288.0835570036,None,None,NaN,NaN,NaN,NaN,,,1117510,1119191,1123972,0,0,1125194
False,0.85,-0.15,-4.46,-0.896666666666667,9.7,8.80333333333333,4.40166666666667,gamble,lose,8.80333333333333,162.46875,1295.08629480445,None,1295.08629480445,None,1296.02001512894,None,None,1301.00533640776,1302.00572359091,0.85,1305.00682850282,None,None,1127594,1128715,1133496,1135898,1139499,1144922
True,0.85,-0.15,-4.61,6.71,11.3,4.59,2.295,gamble,win,11.3,173.76875,1311.52611822333,None,1311.52611822333,None,1312.60986881851,None,None,NaN,NaN,NaN,NaN,,,1147322,1148622,1153404,0,0,1154625
False,0.85,-0.15,-4.76,-0.921666666666667,2.7,1.77833333333333,0.889166666666667,gamble,lose,1.77833333333333,175.547083333333,1319.61258422033,None,1319.61258422033,None,1321.52998077523,None,None,NaN,NaN,NaN,NaN,,,1157025,1159326,1164108,0,0,1165330
False,0.85,-0.15,-4.91,7.01,12.9,5.89,2.945,gamble,win,12.9,188.447083333333,1328.53276849391,None,1328.53276849391,None,1329.4998092883,None,None,1334.48509216879,1335.48543487387,0.79,1338.48660122311,None,None,1167730,1168890,1173692,1176073,1179674,1185097
True,0.79,-0.21,-5.12,8.06,12.3,4.24,2.12,gamble,win,12.3,200.747083333333,1345.00588102406,None,1345.00588102406,None,1346.08958362132,None,None,NaN,NaN,NaN,NaN,,,1187497,1188798,1193600,0,0,1194801
False,0.79,-0.21,-5.33,8.27,7.5,-0.770000000000003,-0.385000000000002,gamble,win,7.5,208.247083333333,1353.09235022092,None,1353.09235022092,None,1354.74299422489,None,None,1359.72830206429,1360.72862333031,0.87,1363.72985271681,None,None,1197201,1199182,1203984,1206365,1209966,1215389
False,0.87,-0.13,-5.46,7.28,11.1,3.82,1.91,gamble,win,11.1,219.347083333333,1370.24903204212,None,1370.24903204212,None,1372.29989158871,None,None,NaN,NaN,NaN,NaN,,,1217789,1220250,1225032,0,0,1226253
True,0.87,-0.13,-5.59,7.41,-0.7,-8.11,-4.405,certain,certain,-4.405,214.942083333333,1379.302573392,None,1379.302573392,None,1381.98701336518,None,None,1386.97227864643,1387.97262999114,0.68,1390.97379250055,None,None,1228653,1231875,1236677,1239058,1242659,1248062
