isWinOnTop,lastHappyRating,diff,sumDiff,RPE,winAmount,loseAmount,certainAmount,choice,outcome,outcomeAmount,currentWinnings,fixCross_started,fixCross_stopped,outcome2Box_started,choiceKey_stopped,fixCross_2_started,outcome2Box_2_stopped,outcome2Box_3_stopped,fixCross_ISI_started,happyText_started,happySlider_response,happySlider_started,happySlider_stopped,happyResp_keys,trial_sample,choice_sample,outcome_sample,happyText_sample,happySlider_sample,fixCross_ITI_sample
True,0.5,-0.5,-0.5,7.5,1.5,-6,-2.25,gamble,win,1.5,1.5,240.845924491412,None,240.845924491412,None,243.84714747034,None,None,NaN,NaN,NaN,NaN,,,16450,20051,24833,0,0,26055
False,0.5,-0.5,-1,8,3.3,-4.7,-0.7,gamble,win,3.3,4.8,250.849840775947,None,250.849840775947,None,252.767248098971,None,None,NaN,NaN,NaN,NaN,,,28455,30756,35558,0,0,36759
True,0.5,-0.5,-1.5,-1.875,6.1,4.225,2.1125,gamble,lose,4.225,9.025,259.769885407295,None,259.769885407295,None,262.287567084655,None,None,267.289502668078,268.289832891547,0.57,271.291029951768,None,None,39159,42180,46982,49383,52984,58408
False,0.57,-0.43,-1.93,7.95,2.3,-5.65,-1.675,gamble,win,2.3,11.325,277.810238272883,None,277.810238272883,None,279.844332890934,None,None,NaN,NaN,NaN,NaN,,,60808,63248,68030,0,0,69252
False,0.57,-0.43,-2.36,-1.70166666666667,4.5,2.79833333333333,1.39916666666667,gamble,lose,2.79833333333333,14.1233333333333,286.846982358606,None,286.846982358606,None,288.164120767033,None,None,293.14936630358,294.149751564371,0.55,297.150894867373,None,None,71652,73232,78014,80415,84017,89440
False,0.55,-0.45,-2.81,9.11,10.1,0.99,0.495,gamble,win,10.1,24.2233333333333,303.670196303749,None,303.670196303749,None,305.103967609932,None,None,NaN,NaN,NaN,NaN,,,91840,93560,98362,0,0,99564
False,0.55,-0.45,-3.26,9.56,11.3,1.74,0.870000000000001,gamble,win,11.3,35.5233333333333,312.106682674377,None,312.106682674377,None,313.357202648418,None,None,NaN,NaN,NaN,NaN,,,101964,103464,108246,0,0,109468
True,0.55,-0.45,-3.71,10.01,0.9,-9.11,-4.105,gamble,win,0.9,36.4233333333333,320.359889554325,None,320.359889554325,None,323.361047576531,None,None,328.34629631287,329.346651175176,0.66,332.34782199678,None,None,111868,115469,120271,122652,126253,131676
False,0.66,-0.34,-4.05,8.81,7.5,-1.31,-0.655,gamble,win,7.5,43.9233333333333,338.86696376116,None,338.86696376116,None,340.500922513893,None,None,NaN,NaN,NaN,NaN,,,134076,136037,140839,0,0,142040
True,0.66,-0.34,-4.39,-1.55583333333333,13.3,11.7441666666667,5.87208333333333,gamble,lose,11.7441666666667,55.6675,347.503616459435,None,347.503616459435,None,348.870868846192,None,None,353.856059345533,354.856501243426,0.73,357.85758790921,None,None,144440,146081,150863,153264,156865,162288
True,0.73,-0.27,-4.66,-1.33333333333333,6.9,5.56666666666667,2.78333333333333,gamble,lose,5.56666666666667,61.2341666666667,364.376825028914,None,364.376825028914,None,365.677325867931,None,None,NaN,NaN,NaN,NaN,,,164688,166249,171031,0,0,172252
True,0.73,-0.27,-4.93,-1.35583333333333,10.5,9.14416666666667,4.57208333333333,gamble,lose,9.14416666666667,70.3783333333333,372.679973735707,None,372.679973735707,None,373.863767120754,None,None,378.849062574795,379.849409437506,0.75,382.850531941396,None,None,174652,176073,180875,183256,186857,192280
True,0.75,-0.25,-5.18,8.68,4.3,-4.38,-0.04,certain,certain,-0.04,70.3383333333333,389.369724583346,None,389.369724583346,None,391.570628474234,None,None,NaN,NaN,NaN,NaN,,,194680,197321,202123,0,0,203324
False,0.75,-0.25,-5.43,8.93,11.9,2.97,1.485,gamble,win,11.9,82.2383333333333,398.573322419776,None,398.573322419776,None,399.690383456065,None,None,NaN,NaN,NaN,NaN,,,205724,207065,211907,0,0,213068
False,0.75,-0.25,-5.68,9.18,8.9,-0.279999999999999,-0.14,gamble,win,8.9,91.1383333333333,406.693111639819,None,406.693111639819,None,408.910579503863,None,None,413.895849039196,414.896216700901,0.73,417.897357763955,None,None,215468,218129,222931,225312,228913,234337
False,0.73,-0.27,-5.95,9.73,4.9,-4.83,0.0350000000000001,certain,certain,0.0350000000000001,91.1733333333333,424.416569284862,None,424.416569284862,None,426.567369116936,None,None,NaN,NaN,NaN,NaN,,,236737,239318,244119,0,0,245321
False,0.73,-0.27,-6.22,10,4.1,-5.9,-0.9,gamble,win,4.1,95.2733333333333,433.570067542256,None,433.570067542256,None,436.571203165571,None,None,441.556533497875,442.556873000925,0.78,445.558071661042,None,None,247721,251322,256104,258505,262106,267529
False,0.78,-0.22,-6.44,-1.30666666666667,0.1,-1.20666666666667,-0.553333333333333,gamble,lose,-1.20666666666667,94.0666666666666,452.077248303802,None,452.077248303802,None,455.078400886268,None,None,NaN,NaN,NaN,NaN,,,269929,273531,278313,0,0,279534
True,0.78,-0.22,-6.66,9.74,5.7,-4.04,0.830000000000001,certain,certain,0.830000000000001,94.8966666666666,462.081035634736,None,462.081035634736,None,463.948445773567,None,None,NaN,NaN,NaN,NaN,,,281934,284175,288957,0,0,290178
False,0.78,-0.22,-6.88,9.96,-0.3,-10.26,-5.28,certain,certain,-5.28,89.6166666666666,470.951214595349,None,470.951214595349,None,473.435407384415,None,None,478.420659320662,479.421095458907,0.75,482.422178604873,None,None,292578,295560,300361,302742,306344,311767
True,0.75,-0.25,-7.13,10.63,6.3,-4.33,0.985,gamble,win,6.3,95.9166666666666,488.941375726485,None,488.941375726485,None,491.359002558631,None,None,NaN,NaN,NaN,NaN,,,314167,317068,321870,0,0,323071
False,0.75,-0.25,-7.38,-1.49,5.5,4.01,2.005,gamble,lose,4.01,99.9266666666666,498.361716663116,None,498.361716663116,None,499.562154977233,None,None,504.547429952305,505.547818412888,0.75,508.548909238423,None,None,325471,326912,331694,334095,337696,343119
True,0.75,-0.25,-7.63,11.13,5.3,-5.83,-0.265,certain,certain,-0.265,99.6616666666666,515.068096440635,None,515.068096440635,None,517.419051080942,None,None,NaN,NaN,NaN,NaN,,,345519,348340,353122,0,0,354344
False,0.75,-0.25,-7.88,11.38,10.3,-1.08,-0.539999999999999,gamble,win,10.3,109.961666666667,524.421668550349,None,524.421668550349,None,525.755610919907,None,None,530.740804939065,531.741222838173,0.8,534.742374460679,None,None,356744,358344,363146,365527,369128,374552
True,0.8,-0.2,-8.08,-1.37333333333333,12.7,11.3266666666667,5.66333333333333,gamble,lose,11.3266666666667,121.288333333333,541.261554623139,None,541.261554623139,None,542.695440483629,None,None,NaN,NaN,NaN,NaN,,,376952,378672,383454,0,0,384676
False,0.8,-0.2,-8.28,-1.39,13.5,12.11,6.055,gamble,lose,12.11,133.398333333333,549.698140188819,None,549.698140188819,None,550.631849098136,None,None,NaN,NaN,NaN,NaN,,,387076,388196,392998,0,0,394199
False,0.8,-0.2,-8.48,11.28,3.9,-7.38,-1.74,gamble,win,3.9,137.298333333333,557.634469767218,None,557.634469767218,None,560.235525202588,None,None,565.220719541656,566.221108002239,0.78,569.222288103425,None,None,396599,399721,404502,406903,410505,415908
True,0.78,0.78,0.78,-11.7,11.7,0,0,gamble,lose,0,137.298333333333,588.196251003188,None,588.196251003188,None,589.696802335675,None,None,NaN,NaN,NaN,NaN,,,433274,435074,439856,0,0,441078
False,0.78,0.78,1.56,-12.48,0.7,-11.78,-5.54,certain,certain,-5.54,131.758333333333,596.69954107888,None,596.69954107888,None,599.350518822088,None,None,604.335764678661,605.336208496476,0.69,608.337322040927,None,None,443478,446659,451441,453842,457443,462866
False,0.69,0.69,2.25,-11.91,3.3,-8.61,-2.655,gamble,lose,-8.61,123.148333333333,614.856504123309,None,614.856504123309,None,616.974002897739,None,None,NaN,NaN,NaN,NaN,,,465266,467807,472609,0,0,473810
True,0.69,0.69,2.94,2.66,1.375,-1.285,0.0449999999999999,gamble,win,1.375,124.523333333333,623.976719882106,None,623.976719882106,None,626.977889103815,None,None,631.963066803757,632.963449184666,0.68,635.964593767421,None,None,476210,479812,484594,486995,490596,496019
False,0.68,0.68,3.62,-13.14,0.3,-12.84,-6.27,gamble,lose,-12.84,111.683333333333,642.483882084605,None,642.483882084605,None,644.35122118704,None,None,NaN,NaN,NaN,NaN,,,498419,500660,505462,0,0,506663
True,0.68,0.68,4.3,-13.82,5.1,-8.72,-1.81,gamble,lose,-8.72,102.963333333333,651.353862015181,None,651.353862015181,None,652.721066084341,None,None,NaN,NaN,NaN,NaN,,,509063,510704,515506,0,0,516707
False,0.68,0.68,4.98,-14.5,2.5,-12,-4.75,certain,certain,-4.75,98.2133333333333,659.723749470431,None,659.723749470431,None,662.574896741193,None,None,667.560111559229,668.560482420726,0.61,671.561632763245,None,None,519107,522529,527311,529711,533313,538736
True,0.61,0.61,5.59,2.60083333333333,1.925,-0.675833333333333,0.624583333333333,gamble,win,1.925,100.138333333333,678.08083980449,None,678.08083980449,None,680.498463436728,None,None,NaN,NaN,NaN,NaN,,,541136,544037,548839,0,0,550040
True,0.61,0.61,6.2,2.65166666666667,0.875,-1.77666666666667,-0.450833333333333,gamble,win,0.875,101.013333333333,687.501100745052,None,687.501100745052,None,689.08504311461,None,None,694.070350408088,695.070688311243,0.66,698.071824254584,None,None,552440,554341,559143,561524,565125,570548
False,0.66,0.66,6.86,-16.1,2.3,-13.8,-5.75,certain,certain,-5.75,95.2633333333333,704.591074813507,None,704.591074813507,None,706.941915859585,None,None,NaN,NaN,NaN,NaN,,,572948,575770,580571,0,0,581773
False,0.66,0.66,7.52,-16.76,1.3,-15.46,-7.08,gamble,lose,-15.46,79.8033333333333,713.94466068258,None,713.94466068258,None,716.19553231902,None,None,NaN,NaN,NaN,NaN,,,584173,586874,591676,0,0,592877
False,0.66,0.66,8.18,-17.42,12.3,-5.12,-2.56,gamble,lose,-5.12,74.6833333333333,723.198192346259,None,723.198192346259,None,724.882227319176,None,None,729.867455576663,730.867789319949,0.59,733.868930703029,None,None,595277,597298,602080,604481,608082,613505
True,0.59,0.59,8.77,-17.03,13.1,-3.93,-1.965,gamble,lose,-3.93,70.7533333333333,740.388170702499,None,740.388170702499,None,741.588622455951,None,None,NaN,NaN,NaN,NaN,,,615905,617346,622148,0,0,623349
False,0.59,0.59,9.36,-17.62,5.3,-12.32,-3.51,certain,certain,-3.51,67.2433333333333,748.591279283282,None,748.591279283282,None,750.558747787261,None,None,755.543983724318,756.544352345983,0.5,759.545528927236,None,None,625749,628110,632892,635293,638894,644317
True,0.5,0.5,9.86,-16.86,9.1,-7.76,0.67,gamble,lose,-7.76,59.4833333333333,766.064665251877,None,766.064665251877,None,767.615260486142,None,None,NaN,NaN,NaN,NaN,,,646717,648578,653380,0,0,654581
True,0.5,0.5,10.36,-17.36,-0.5,-17.86,-9.18,gamble,lose,-17.86,41.6233333333333,774.617950911867,None,774.617950911867,None,777.619108934072,None,None,782.604413987603,783.604742931202,0.4,786.605940311449,None,None,656981,660583,665385,667766,671367,676790
True,0.4,0.4,10.76,-16.36,-1.1,-17.46,-9.28,gamble,lose,-17.46,24.1633333333333,793.125127833569,None,793.125127833569,None,795.259272177122,None,None,NaN,NaN,NaN,NaN,,,679190,681751,686553,0,0,687754
False,0.4,0.4,11.16,2.33,-0.075,-2.405,-1.24,gamble,win,-0.075,24.0883333333333,802.262016680092,None,802.262016680092,None,805.26308766671,None,None,NaN,NaN,NaN,NaN,,,690154,693756,698558,0,0,699759
True,0.4,0.4,11.56,-17.16,9.3,-7.86,0.720000000000001,gamble,lose,-7.86,16.2283333333333,812.265886246925,None,812.265886246925,None,813.532982033561,None,None,818.518180532381,819.518570912885,0.36,822.519765413366,None,None,702159,703680,708482,710863,714464,719887
True,0.36,0.36,11.92,-16.96,12.1,-4.86,-2.43,gamble,lose,-4.86,11.3683333333333,829.038919337094,None,829.038919337094,None,830.239361491054,None,None,NaN,NaN,NaN,NaN,,,722287,723728,728510,0,0,729731
False,0.36,0.36,12.28,-17.32,8.7,-8.62,0.0399999999999991,gamble,lose,-8.62,2.7483333333333,837.242050316883,None,837.242050316883,None,838.542559155496,None,None,843.527806291939,844.528187072952,0.31,847.529380933265,None,None,732131,733692,738493,740874,744476,749899
True,0.31,0.31,12.59,-16.93,1.7,-15.23,-6.765,gamble,lose,-15.23,-12.4816666666667,854.048516618088,None,854.048516618088,None,855.982600548537,None,None,NaN,NaN,NaN,NaN,,,752299,754620,759402,0,0,760623
True,0.31,0.31,12.9,-17.24,4.3,-12.94,-4.32,gamble,lose,-12.94,-25.4216666666667,862.985342491651,None,862.985342491651,None,864.26913280494,None,None,869.254369381932,870.2548045601,0.23,873.255944343284,None,None,763023,764564,769366,771746,775348,780771
True,0.23,0.23,13.13,-16.35,3.9,-12.45,-4.275,certain,certain,-4.275,-29.6966666666667,879.775136985118,None,879.775136985118,None,881.775910066557,None,None,NaN,NaN,NaN,NaN,,,783171,785572,790374,0,0,791575
False,0.23,0.23,13.36,-16.58,11.1,-5.48,-2.74,gamble,lose,-5.48,-35.1766666666667,888.778589612804,None,888.778589612804,None,889.862382549909,None,None,NaN,NaN,NaN,NaN,,,793975,795276,800058,0,0,801279
True,0.23,0.23,13.59,1.9375,1.475,-0.4625,0.50625,certain,certain,0.50625,-34.6704166666667,896.865006738808,None,896.865006738808,None,898.198890231433,None,None,903.184093850083,904.184483590536,0.38,907.185673291213,None,None,803679,805280,810062,812462,816064,821487
True,0.38,0.38,13.97,-19.29,7.5,-11.79,-2.145,gamble,lose,-11.79,-46.4604166666667,913.704807696049,None,913.704807696049,None,914.805271160905,None,None,NaN,NaN,NaN,NaN,,,823887,825207,829989,0,0,831191
True,0.34,-0.66,-0.66,-2.365,0.7,-1.665,-0.4825,certain,certain,-0.4825,-46.9429166666667,933.529155664495,None,933.529155664495,None,935.596607337357,None,None,940.581872712937,941.582200696575,0.33,944.583342399565,None,None,847676,850157,854959,857340,860941,866365
True,0.33,-0.67,-1.33,-2.45583333333333,12.5,10.0441666666667,5.02208333333333,gamble,lose,10.0441666666667,-36.89875,951.102529601776,None,951.102529601776,None,952.019550704048,None,None,NaN,NaN,NaN,NaN,,,868765,869865,874647,0,0,875868
True,0.33,-0.67,-2,11.38,13.5,2.12,1.06,gamble,win,13.5,-23.39875,959.022244969499,None,959.022244969499,None,959.955938199535,None,None,NaN,NaN,NaN,NaN,,,878268,879389,884171,0,0,885392
False,0.33,-0.67,-2.67,12.05,4.7,-7.35,-1.325,gamble,win,4.7,-18.69875,966.958679182688,None,966.958679182688,None,968.359197748825,None,None,973.344464084366,974.344805187313,0.47,977.345952650066,None,None,887792,889473,894275,896656,900257,905680
False,0.47,-0.53,-3.2,10.62,13.9,3.28,1.64,gamble,win,13.9,-4.79875000000004,983.865152011625,None,983.865152011625,None,984.598750590347,None,None,NaN,NaN,NaN,NaN,,,908080,908960,913742,0,0,914964
False,0.47,-0.53,-3.73,11.15,6.1,-5.05,0.524999999999999,gamble,win,6.1,1.30124999999996,991.601447095745,None,991.601447095745,None,992.90194505488,None,None,997.887240189011,998.887634729268,0.58,1001.88872459484,None,None,917364,918924,923706,926107,929708,935132
True,0.58,-0.42,-4.15,10.03,6.7,-3.33,1.685,gamble,win,6.7,8.00124999999996,1008.40790987713,None,1008.40790987713,None,1009.35833283199,None,None,NaN,NaN,NaN,NaN,,,937532,938672,943474,0,0,944675
False,0.58,-0.42,-4.57,-1.85083333333333,13.3,11.4491666666667,5.72458333333333,gamble,lose,11.4491666666667,19.4504166666666,1016.36098645953,None,1016.36098645953,None,1017.07796314813,None,None,1022.06316132704,1023.06359138549,0.55,1026.06474012812,None,None,947075,947936,952738,955118,958720,964143
True,0.55,-0.45,-5.02,11.32,2.9,-8.42,-2.76,certain,certain,-2.76,16.6904166666666,1032.58393021021,None,1032.58393021021,None,1034.50128601585,None,None,NaN,NaN,NaN,NaN,,,966543,968844,973626,0,0,974847
False,0.55,-0.45,-5.47,11.77,6.5,-5.27,0.615,gamble,win,6.5,23.1904166666666,1041.50403019879,None,1041.50403019879,None,1043.28802306193,None,None,NaN,NaN,NaN,NaN,,,977247,979388,984170,0,0,985391
False,0.55,-0.45,-5.92,12.22,1.1,-11.12,-5.01,gamble,win,1.1,24.2904166666666,1050.29073780635,None,1050.29073780635,None,1053.29185039084,None,None,1058.27720792172,1059.27748598787,0.59,1062.27861937135,None,None,987791,991393,996175,998576,1002177,1007680
False,0.59,-0.41,-6.33,-1.9625,12.9,10.9375,5.46875,gamble,lose,10.9375,35.2279166666666,1068.86456164112,None,1068.86456164112,None,1069.54815567611,None,None,NaN,NaN,NaN,NaN,,,1010080,1010900,1015682,0,0,1016904
False,0.59,-0.41,-6.74,12.48,13.1,0.619999999999999,0.31,gamble,win,13.1,48.3279166666666,1076.55081250344,None,1076.55081250344,None,1077.251062667,None,None,1082.23636804055,1083.23667490517,0.67,1086.23789980402,None,None,1019304,1020144,1024946,1027327,1030928,1036351
False,0.67,-0.33,-7.07,11.69,0.9,-10.79,-4.945,certain,certain,-4.945,43.3829166666666,1092.75708284636,None,1092.75708284636,None,1094.70780562633,None,None,NaN,NaN,NaN,NaN,,,1038751,1041092,1045894,0,0,1047095
False,0.67,-0.33,-7.4,-1.77166666666667,-1.5,-3.27166666666667,-2.38583333333333,gamble,lose,-3.27166666666667,40.11125,1101.71047813294,None,1101.71047813294,None,1104.34487942362,None,None,NaN,NaN,NaN,NaN,,,1049495,1052657,1057439,0,0,1058660
True,0.67,-0.33,-7.73,-1.79916666666667,2.3,0.500833333333333,1.40041666666667,gamble,lose,0.500833333333333,40.6120833333333,1111.34757432912,None,1111.34757432912,None,1112.41459882318,None,None,1117.39984435972,1118.40020658169,0.58,1121.40137036354,None,None,1061060,1062341,1067122,1069523,1073125,1078548
True,0.58,-0.42,-8.15,14.03,11.9,-2.13,-1.065,gamble,win,11.9,52.5120833333333,1127.92061612289,None,1127.92061612289,None,1129.00431210478,None,None,NaN,NaN,NaN,NaN,,,1080948,1082248,1087030,0,0,1088252
True,0.58,-0.42,-8.57,-2.18416666666667,-1.3,-3.48416666666667,-2.39208333333333,gamble,lose,-3.48416666666667,49.0279166666666,1136.00700893009,None,1136.00700893009,None,1137.70763539488,None,None,1142.6929273291,1143.69329531072,0.58,1146.69448469137,None,None,1090652,1092692,1097474,1099875,1103477,1108900
True,0.58,-0.42,-8.99,-2.21916666666667,9.7,7.48083333333333,3.74041666666667,gamble,lose,7.48083333333333,56.50875,1153.21366741369,None,1153.21366741369,None,1154.18070233939,None,None,NaN,NaN,NaN,NaN,,,1111300,1112460,1117242,0,0,1118464
True,0.58,-0.42,-9.41,-2.25416666666667,7.9,5.64583333333333,2.82291666666667,gamble,lose,5.64583333333333,62.1545833333333,1161.18341004418,None,1161.18341004418,None,1162.01701483061,None,None,1167.00233908324,1168.00270546495,0.62,1171.00378989079,None,None,1120864,1121864,1126646,1129047,1132648,1138071
True,0.62,-0.38,-9.79,15.11,8.3,-6.81,0.744999999999999,gamble,win,8.3,70.4545833333333,1177.52295533405,None,1177.52295533405,None,1179.09030557191,None,None,NaN,NaN,NaN,NaN,,,1140471,1142352,1147154,0,0,1148355
True,0.62,-0.38,-10.17,15.49,0.5,-14.99,-7.245,gamble,win,0.5,70.9545833333333,1186.09294128034,None,1186.09294128034,None,1187.82700607588,None,None,NaN,NaN,NaN,NaN,,,1150755,1152836,1157638,0,0,1158839
False,0.62,-0.38,-10.55,-2.20916666666667,10.7,8.49083333333333,4.24541666666667,gamble,lose,8.49083333333333,79.4454166666666,1194.82964114426,None,1194.82964114426,None,1195.49656113167,None,None,1200.48181306792,1201.48224888614,0.65,1204.48335603089,None,None,1161239,1162040,1166822,1169222,1172824,1178247
False,0.65,-0.35,-10.9,15.8,3.3,-12.5,-4.6,gamble,win,3.3,82.7454166666666,1211.00256627193,None,1211.00256627193,None,1212.4364665316,None,None,NaN,NaN,NaN,NaN,,,1180647,1182368,1187170,0,0,1188371
True,0.65,-0.35,-11.25,16.15,11.5,-4.65,-2.325,gamble,win,11.5,94.2454166666666,1219.43910287996,None,1219.43910287996,None,1220.48951572343,None,None,1225.4748729344,1226.47518587869,0.66,1229.47631254245,None,None,1190771,1192031,1196833,1199214,1202816,1208239
False,0.66,-0.34,-11.59,16.35,11.1,-5.25,-2.625,gamble,win,11.1,105.345416666667,1235.99552886316,None,1235.99552886316,None,1237.12930138526,None,None,NaN,NaN,NaN,NaN,,,1210639,1211999,1216801,0,0,1218023
False,0.66,-0.34,-11.93,16.69,10.3,-6.39,1.955,gamble,win,10.3,115.645416666667,1244.14866201882,None,1244.14866201882,None,1245.04903595208,None,None,1250.03424245061,1251.03459667298,0.67,1254.03578669357,None,None,1220423,1221503,1226305,1228686,1232287,1237690
