isCongruent,isWinOnTop,lastHappyRating,diff,sumDiff,RPE,winAmount,loseAmount,certainAmount,choice,outcome,outcomeAmount,currentWinnings,fixCross_started,outcome1Box_stopped,choiceKey_rt,choiceKey_started,outcome1Box_2_stopped,outcome1Box_3_stopped,fixCross_ITI_stopped,fixCross_ISI_stopped,happyText_stopped,happySlider_rt,happySlider_started,happySlider_stopped,trial_sample,choice_sample,outcome_sample,happyText_sample,happySlider_sample,fixCross_ITI_sample
True,True,0.63,-0.37,-0.37,5.55,1.7,-3.85,-1.075,gamble,win,1.7,1.7,105.484451640463,None,1.70090186660946,105.484451640463,None,None,None,,,NaN,NaN,,0,0,0,0,0,0
False,False,0.63,-0.37,-0.74,-1.35666666666667,8.1,6.74333333333333,3.37166666666667,gamble,lose,6.74333333333333,8.44333333333333,114.221038754506,None,1.58414333871406,114.221038754506,None,None,None,,,NaN,NaN,,0,0,0,0,0,0
True,True,0.63,-0.37,-1.11,6.29,10.7,4.41,2.205,gamble,win,10.7,19.1433333333333,122.841053569628,None,1.60088698749041,122.841053569628,None,None,None,None,None,7.50257824736764,133.461638271015,None,0,0,0,0,0,0
False,False,0.72,-0.28,-1.39,-1.09583333333333,3.9,2.80416666666667,1.40208333333333,gamble,lose,2.80416666666667,21.9475,139.980825135152,None,1.01713626553374,139.980825135152,None,None,None,,,NaN,NaN,,0,0,0,0,0,0
True,True,0.72,-0.28,-1.67,5.59,8.3,2.71,1.355,gamble,win,8.3,30.2475,148.033829997264,None,2.11769127267689,148.033829997264,None,None,None,None,None,7.50283199234582,159.171345696334,None,0,0,0,0,0,0
True,True,0.72,-0.28,-1.95,5.87,4.1,-1.77,1.165,certain,certain,1.165,31.4125,165.690488723068,None,2.4344216422387,165.690488723068,None,None,None,,,NaN,NaN,,0,0,0,0,0,0
True,True,0.72,-0.28,-2.23,6.15,2.7,-3.45,-0.375,gamble,win,2.7,34.1125,175.160717845503,None,1.68408494217147,175.160717845503,None,None,None,,,NaN,NaN,,0,0,0,0,0,0
True,False,0.72,-0.28,-2.51,6.43,13.7,7.27,3.635,gamble,win,13.7,47.8125,183.880559710865,None,1.25085362946538,183.880559710865,None,None,None,None,None,7.50264800323839,194.151158091441,None,0,0,0,0,0,0
True,False,0.77,-0.23,-2.74,5.96,11.5,5.54,2.77,gamble,win,11.5,59.3125,200.670231042322,None,1.0172217004756,200.670231042322,None,None,None,,,NaN,NaN,,0,0,0,0,0,0
True,True,0.77,-0.23,-2.97,6.19,-0.5,-6.69,-3.595,gamble,win,-0.5,58.8125,208.723306620248,None,2.2009589832287,208.723306620248,None,None,None,None,None,7.50286751024396,219.944085870116,None,0,0,0,0,0,0
True,True,0.73,-0.27,-3.24,7.02,1.3,-5.72,-2.21,gamble,win,1.3,60.1125,226.463307292208,None,1.66760047805201,226.463307292208,None,None,None,,,NaN,NaN,,0,0,0,0,0,0
False,True,0.73,-0.27,-3.51,-1.2375,4.7,3.4625,1.73125,gamble,lose,3.4625,63.575,235.166540220819,None,0.967281296946567,235.166540220819,None,None,None,None,None,7.50261600513204,245.153656503535,None,0,0,0,0,0,0
True,True,0.71,-0.29,-3.8,7.86,10.3,2.44,1.22,gamble,win,10.3,73.875,251.67277617165,None,1.13396422931783,251.67277617165,None,None,None,,,NaN,NaN,,0,0,0,0,0,0
True,False,0.71,-0.29,-4.09,8.15,0.5,-7.65,-3.575,certain,certain,-3.575,70.3,259.842473005598,None,2.26777518770905,259.842473005598,None,None,None,,,NaN,NaN,,0,0,0,0,0,0
True,False,0.71,-0.29,-4.38,8.44,1.1,-7.34,-3.12,gamble,win,1.1,71.4,269.145968638656,None,1.5676911926821,269.145968638656,None,None,None,None,None,7.50263264414662,279.733309868056,None,0,0,0,0,0,0
True,True,0.74,-0.26,-4.64,8.28,4.9,-3.38,0.760000000000001,certain,certain,0.760000000000001,72.16,286.252397538065,None,2.884768741691,286.252397538065,None,None,None,,,NaN,NaN,,0,0,0,0,0,0
False,True,0.74,-0.26,-4.9,-1.31833333333333,-0.3,-1.61833333333333,-0.959166666666667,gamble,lose,-1.61833333333333,70.5416666666667,296.172789130884,None,2.45116465105184,296.172789130884,None,None,None,None,None,7.50235458060888,307.643751329922,None,0,0,0,0,0,0
True,False,0.68,-0.32,-5.22,9.7,1.9,-7.8,-2.95,gamble,win,1.9,72.4416666666667,314.162867798226,None,2.00111833379469,314.162867798226,None,None,None,,,NaN,NaN,,0,0,0,0,0,0
False,True,0.68,-0.32,-5.54,-1.58166666666667,-1.3,-2.88166666666667,-2.09083333333333,certain,certain,-2.09083333333333,70.3508333333333,323.199603863452,None,2.15104257827898,323.199603863452,None,None,None,,,NaN,NaN,,0,0,0,0,0,0
True,True,0.68,-0.32,-5.86,10.34,10.5,0.16,0.0800000000000001,gamble,win,10.5,80.8508333333333,332.386342248539,None,1.75104289826049,332.386342248539,None,None,None,None,None,7.5027791954717,343.157142697152,None,0,0,0,0,0,0
True,False,0.67,-0.33,-6.19,10.81,9.1,-1.71,-0.855,gamble,win,9.1,89.9508333333333,349.676277084396,None,2.30109609511146,349.676277084396,None,None,None,,,NaN,NaN,,0,0,0,0,0,0
True,True,0.67,-0.33,-6.52,11.14,8.5,-2.64,-1.32,gamble,win,8.5,98.4508333333333,359.013101304403,None,2.23448659839323,359.013101304403,None,None,None,None,None,7.50273343818026,370.267316974835,None,0,0,0,0,0,0
True,False,0.69,-0.31,-6.83,11.17,7.1,-4.07,1.515,gamble,win,7.1,105.550833333333,376.786383846076,None,NaN,376.786383846076,None,None,None,,,NaN,NaN,,0,0,0,0,0,0
True,True,0.69,-0.31,-7.14,11.48,6.7,-4.78,0.96,gamble,win,6.7,112.250833333333,386.79012634452,None,NaN,386.79012634452,None,None,None,None,None,7.50260832558706,398.777949465391,None,0,0,0,0,0,0
True,False,0.7,-0.3,-7.44,11.64,3.1,-8.54,-2.72,gamble,win,3.1,115.350833333333,405.297075213148,None,NaN,405.297075213148,None,None,None,,,NaN,NaN,,0,0,0,0,0,0
True,False,0.7,-0.3,-7.74,11.94,5.7,-6.24,-0.27,certain,certain,-0.27,115.080833333333,415.300886507519,None,1.83422357396466,415.300886507519,None,None,None,,,NaN,NaN,,0,0,0,0,0,0
True,False,0.7,-0.3,-8.04,12.24,9.7,-2.54,-1.27,gamble,win,9.7,124.780833333333,424.170855805336,None,1.5174935243831,424.170855805336,None,None,None,None,None,7.50285983069807,434.708127678841,None,0,0,0,0,0,0
True,True,0.7,0.7,0.7,-10.5,10.5,1.77635683940025e-15,8.88178419700125e-16,gamble,lose,1.77635683940025e-15,124.780833333333,486.160799760654,None,1.7175610403865,486.160799760654,None,None,None,,,NaN,NaN,,0,0,0,0,0,0
True,True,0.7,0.7,1.4,-11.2,-1.5,-12.7,-7.1,certain,certain,-7.1,117.680833333333,494.914095645538,None,1.76754848112978,494.914095645538,None,None,None,None,None,7.50271935901401,505.718131566611,None,0,0,0,0,0,0
True,True,0.67,0.67,2.07,-11.45,0.7,-10.75,-5.025,gamble,lose,-10.75,106.930833333333,512.237250274784,None,2.26778414717865,512.237250274784,None,None,None,,,NaN,NaN,,0,0,0,0,0,0
True,False,0.67,0.67,2.74,-12.12,12.5,0.379999999999999,0.19,gamble,lose,0.379999999999999,107.310833333333,521.54074814771,None,1.30078379359929,521.54074814771,None,None,None,None,None,7.50272831848361,531.861309330488,None,0,0,0,0,0,0
True,True,0.65,0.65,3.39,-12.49,5.5,-6.99,-0.744999999999999,gamble,lose,-6.99,100.320833333333,538.380386441123,None,1.90095594340892,538.380386441123,None,None,None,,,NaN,NaN,,0,0,0,0,0,0
True,False,0.65,0.65,4.04,-13.14,5.3,-7.84,-1.27,gamble,lose,-7.84,92.4808333333333,547.317100267665,None,NaN,547.317100267665,None,None,None,,,NaN,NaN,,0,0,0,0,0,0
False,False,0.65,0.65,4.69,2.66583333333333,0.525,-2.14083333333333,-0.807916666666667,certain,certain,-0.807916666666667,91.6729166666667,557.320963078986,None,1.93417221700474,557.320963078986,None,None,None,None,None,7.50277823552824,568.274937643691,None,0,0,0,0,0,0
True,True,0.64,0.64,5.33,-14.29,5.1,-9.19,-2.045,gamble,lose,-9.19,82.4829166666667,574.794070751012,None,NaN,574.794070751012,None,None,None,,,NaN,NaN,,0,0,0,0,0,0
False,False,0.64,0.64,5.97,2.7375,0.125,-2.6125,-1.24375,certain,certain,-1.24375,81.2391666666666,584.797816129285,None,2.05087570815795,584.797816129285,None,None,None,None,None,7.50271647918453,595.868644576241,None,0,0,0,0,0,0
True,False,0.57,0.57,6.54,-14.52,8.5,-6.02,1.24,certain,certain,1.24,82.4791666666666,602.38777128394,None,2.13422597382305,602.38777128394,None,None,None,,,NaN,NaN,,0,0,0,0,0,0
False,False,0.57,0.57,7.11,2.5875,3.475,0.8875,0.44375,gamble,win,3.475,85.9541666666666,611.557869374133,None,1.83435764602746,611.557869374133,None,None,None,,,NaN,NaN,,0,0,0,0,0,0
True,True,0.57,0.57,7.68,-15.66,-0.7,-16.36,-8.53,certain,certain,-8.53,77.4241666666666,620.427885389185,None,2.38451771655127,620.427885389185,None,None,None,None,None,7.50277983543401,631.832160336108,None,0,0,0,0,0,0
True,True,0.59,0.59,8.27,-16.53,4.5,-12.03,-3.765,gamble,lose,-12.03,65.3941666666666,638.351281284148,None,NaN,638.351281284148,None,None,None,,,NaN,NaN,,0,0,0,0,0,0
True,True,0.59,0.59,8.86,-17.12,5.9,-11.22,-2.66,certain,certain,-2.66,62.7341666666666,648.355036581835,None,1.1173344937979,648.355036581835,None,None,None,None,None,7.50279007482823,658.492168943599,None,0,0,0,0,0,0
False,True,0.63,0.63,9.49,2.99583333333333,1.625,-1.37083333333333,0.127083333333333,certain,certain,0.127083333333333,62.86125,665.011304290786,None,1.50074155609946,665.011304290786,None,None,None,,,NaN,NaN,,0,0,0,0,0,0
True,True,0.63,0.63,10.12,-18.94,7.3,-11.64,-2.17,certain,certain,-2.17,60.69125,673.547864846401,None,1.61743992755601,673.547864846401,None,None,None,None,None,7.50281439338778,684.185100722038,None,0,0,0,0,0,0
True,False,0.6,0.6,10.72,-19.12,9.3,-9.82,-0.260000000000002,certain,certain,-0.260000000000002,60.43125,690.704282146497,None,2.10101705979014,690.704282146497,None,None,None,,,NaN,NaN,,0,0,0,0,0,0
True,False,0.6,0.6,11.32,-19.72,-0.3,-20.02,-10.16,gamble,lose,-20.02,40.41125,699.841025411296,None,2.76798877506462,699.841025411296,None,None,None,,,NaN,NaN,,0,0,0,0,0,0
False,False,0.6,0.6,11.92,3.09333333333333,2.575,-0.518333333333334,1.02833333333333,gamble,win,2.575,42.98625,709.644750950743,None,2.1177111115021,709.644750950743,None,None,None,None,None,7.50273247823679,720.782206813356,None,0,0,0,0,0,0
False,True,0.67,0.67,12.59,3.39416666666667,2.925,-0.469166666666667,1.22791666666667,certain,certain,1.22791666666667,44.2141666666666,727.301330961207,None,1.68423149349564,727.301330961207,None,None,None,,,NaN,NaN,,0,0,0,0,0,0
True,False,0.67,0.67,13.26,-22.64,11.1,-11.54,-0.220000000000001,certain,certain,-0.220000000000001,43.9941666666666,736.021293139446,None,2.73462882997319,736.021293139446,None,None,None,None,None,7.50261376526487,747.775692638996,None,0,0,0,0,0,0
True,False,0.66,0.66,13.92,-23.16,6.3,-16.86,-5.28,gamble,lose,-16.86,27.1341666666666,754.2948209466,None,2.58461787062151,754.2948209466,None,None,None,,,NaN,NaN,,0,0,0,0,0,0
True,True,0.66,0.66,14.58,-23.82,5.7,-18.12,-6.21,certain,certain,-6.21,20.9241666666666,763.915099426114,None,1.33410630090748,763.915099426114,None,None,None,None,None,7.50274335759241,774.268963917336,None,0,0,0,0,0,0
True,False,0.57,0.57,15.15,-23.13,13.7,-9.43,-4.715,gamble,lose,-9.43,11.4941666666666,780.78804966746,None,1.80123960661513,780.78804966746,None,None,None,,,NaN,NaN,,0,0,0,0,0,0
True,False,0.57,0.57,15.72,-23.7,0.3,-23.4,-11.55,certain,certain,-11.55,-0.0558333333333785,789.62477517331,None,1.38389151362207,789.62477517331,None,None,None,,,NaN,NaN,,0,0,0,0,0,0
True,False,0.57,0.57,16.29,-24.27,0.9,-23.37,-11.235,certain,certain,-11.235,-11.2908333333334,798.044576881049,None,1.81760407783804,798.044576881049,None,None,None,None,None,7.50270208003622,808.881973707156,None,0,0,0,0,0,0
True,False,0.65,0.65,16.94,-26.04,8.7,-17.34,-4.32,gamble,lose,-17.34,-28.6308333333334,815.401078336163,None,2.55125920545561,815.401078336163,None,None,None,,,NaN,NaN,,0,0,0,0,0,0
False,False,0.58,-0.42,-0.42,-1.505,11.9,10.395,5.1975,gamble,lose,10.395,-18.2358333333334,879.925326340681,None,1.06734321328167,879.925326340681,None,None,None,None,None,7.50286367047102,890.012437343709,None,29133,30454,35236,37637,41238,46661
False,False,0.61,-0.39,-0.81,-1.4325,9.9,8.4675,4.23375,gamble,lose,8.4675,-9.76833333333338,896.531568211162,None,0.950586285292047,896.531568211162,None,None,None,,,NaN,NaN,,49061,50242,55044,0,0,56245
True,False,0.61,-0.39,-1.2,6.66,1.9,-4.76,-1.43,gamble,win,1.9,-7.86833333333338,904.517894460648,None,1.23408374224255,904.517894460648,None,None,None,,,NaN,NaN,,58645,60166,64948,0,0,66169
True,False,0.61,-0.39,-1.59,7.05,11.7,4.65,2.325,gamble,win,11.7,3.83166666666662,912.787699288202,None,1.20066908039007,912.787699288202,None,None,None,None,None,7.50273791791551,923.008264790725,None,68569,70050,74831,77232,80834,86257
True,False,0.63,-0.37,-1.96,7.14,3.9,-3.24,0.33,certain,certain,0.33,4.16166666666662,929.527292624277,None,1.73421509446598,929.527292624277,None,None,None,,,NaN,NaN,,88657,90778,95579,0,0,96781
True,False,0.63,-0.37,-2.33,7.51,2.1,-5.41,-1.655,gamble,win,2.1,6.26166666666662,938.297269441649,None,1.61733561373239,938.297269441649,None,None,None,None,None,7.50278463514951,948.934541475144,None,99181,101162,105944,108345,111946,117369
False,False,0.64,-0.36,-2.69,-1.48416666666667,2.7,1.21583333333333,1.95791666666667,gamble,lose,1.21583333333333,7.47749999999995,955.453681302067,None,1.06734001347104,955.453681302067,None,None,None,,,NaN,NaN,,119769,121070,125871,0,0,127093
True,False,0.64,-0.36,-3.05,8.09,10.7,2.61,1.305,gamble,win,10.7,18.1775,963.55676063977,None,1.16734625310164,963.55676063977,None,None,None,None,None,7.50267040191193,973.743907320687,None,129493,130933,135715,138116,141718,147141
True,True,0.64,-0.36,-3.41,8.45,13.7,5.25,2.625,gamble,win,13.7,31.8775,980.263007469957,None,1.1506774798936,980.263007469957,None,None,None,,,NaN,NaN,,149541,150961,155743,0,0,156965
True,False,0.64,-0.36,-3.77,8.81,8.3,-0.51,-0.255,gamble,win,8.3,40.1775,988.449400915466,None,2.33448163868616,988.449400915466,None,None,None,,,NaN,NaN,,159365,162206,166988,0,0,168209
True,False,0.64,-0.36,-4.13,9.17,7.5,-1.67,-0.835,gamble,win,7.5,47.6775,997.819575481131,None,1.40076507470712,997.819575481131,None,None,None,None,None,7.50266656213898,1008.24014258356,None,170609,172390,177112,179513,183114,188537
True,True,0.68,-0.32,-4.45,8.93,6.9,-2.03,-1.015,gamble,win,6.9,54.5775,1014.75928913008,None,1.65090770626375,1014.75928913008,None,None,None,,,NaN,NaN,,190937,192958,197740,0,0,198961
False,True,0.68,-0.32,-4.77,-1.5175,0.3,-1.2175,-0.45875,gamble,lose,-1.2175,53.3599999999999,1023.44586448482,None,1.20070587821192,1023.44586448482,None,None,None,None,None,7.50268032132499,1033.66637975032,None,201361,202842,207624,210024,213626,219049
True,True,0.65,-0.35,-5.12,10.02,5.3,-4.72,0.29,certain,certain,0.29,53.6499999999999,1040.18550581806,None,1.16740160982499,1040.18550581806,None,None,None,,,NaN,NaN,,221449,222890,227691,0,0,228893
True,False,0.65,-0.35,-5.47,10.37,3.3,-7.07,-1.885,gamble,win,3.3,56.9499999999999,1048.38857667626,None,1.90097578223413,1048.38857667626,None,None,None,,,NaN,NaN,,231293,233614,238396,0,0,239617
True,False,0.65,-0.35,-5.82,10.72,6.7,-4.02,1.34,gamble,win,6.7,63.6499999999999,1057.32527322383,None,1.55067364012029,1057.32527322383,None,None,None,None,None,7.50271359935505,1067.89593480066,None,242017,243918,248700,251101,254702,260125
True,True,0.65,-0.35,-6.17,11.07,4.3,-6.77,-1.235,gamble,win,4.3,67.9499999999999,1074.41502439056,None,1.46747760532526,1074.41502439056,None,None,None,,,NaN,NaN,,262525,264326,269108,0,0,270329
True,True,0.65,-0.35,-6.52,11.42,11.3,-0.119999999999997,-0.0599999999999987,gamble,win,11.3,79.2499999999999,1082.91822340117,None,1.83423733314976,1082.91822340117,None,None,None,None,None,7.50272223884349,1093.77228356081,None,272729,274970,279752,282153,285754,291177
False,True,0.64,-0.36,-6.88,-1.83333333333333,1.5,-0.333333333333333,0.583333333333333,gamble,lose,-0.333333333333333,78.9166666666666,1100.29139074967,None,1.10070507825913,1100.29139074967,None,None,None,,,NaN,NaN,,293577,294938,299720,0,0,300941
True,True,0.64,-0.36,-7.24,12.28,13.1,0.82,0.41,gamble,win,13.1,92.0166666666666,1108.42780123417,None,1.20069403891284,1108.42780123417,None,None,None,None,None,7.50273439812281,1118.64828674143,None,303341,304822,309604,312005,315606,321029
False,False,0.65,-0.35,-7.59,-1.8575,0.9,-0.9575,-0.0287499999999999,gamble,lose,-0.9575,91.0591666666666,1125.16744384732,None,1.56745088690786,1125.16744384732,None,None,None,,,NaN,NaN,,323429,325350,330132,0,0,331353
True,True,0.65,-0.35,-7.94,12.84,8.5,-4.34,-2.17,gamble,win,8.5,99.5591666666666,1133.77064589776,None,1.88430700902518,1133.77064589776,None,None,None,,,NaN,NaN,,333753,336054,340856,0,0,342057
True,False,0.65,-0.35,-8.29,13.19,-0.7,-13.89,-7.295,gamble,win,-0.7,98.8591666666666,1142.69063783424,None,2.4845162766369,1142.69063783424,None,None,None,None,None,7.50272671857783,1154.19494621918,None,344457,347479,352260,354661,358263,363686
True,True,0.6,-0.4,-8.69,14.29,9.5,-4.79,-2.395,gamble,win,9.5,108.359166666667,1160.71415228218,None,1.20066460065573,1160.71415228218,None,None,None,,,NaN,NaN,,366086,367566,372368,0,0,373570
True,True,0.6,-0.4,-9.09,14.69,-0.5,-15.19,-7.845,gamble,win,-0.5,107.859166666667,1168.9505523673,None,2.33443012173666,1168.9505523673,None,None,None,None,None,7.50271231943043,1180.30475603844,None,375970,378811,383613,385994,389595,395018
True,False,0.58,-0.42,-9.51,15.39,13.3,-2.09,-1.045,gamble,win,13.3,121.159166666667,1186.82388882578,None,1.90099306121101,1186.82388882578,None,None,None,,,NaN,NaN,,397418,399739,404541,0,0,405742
False,False,0.58,-0.42,-9.93,-2.2975,4.5,2.2025,1.10125,gamble,lose,2.2025,123.361666666667,1195.7605844134,None,1.36740672952237,1195.7605844134,None,None,None,None,None,7.5026672021022,1206.14785108722,None,408142,409823,414605,417006,420607,426010
