isHappyBlock,isCongruent,isWinOnTop,lastHappyRating,diff,sumDiff,RPE,winAmount,loseAmount,certainAmount,choice,outcome,outcomeAmount,currentWinnings,outcome1Box_started,choiceKey_keys,choiceKey_started,outcome1Box_2_stopped,outcome1Box_3_stopped,fixCross_ITI_stopped,fixCross_ISI_started,happyText_started,happySlider_response,happySlider_rt,happySlider_started,trial_sample,choice_sample,outcome_sample,happyText_sample,happySlider_sample,fixCross_ITI_sample
True,True,False,0.79,-0.21,-0.21,3.15,2.5,-0.649999999999999,0.925,gamble,win,2.5,2.5,113.906227381201,NaN,113.906227381201,None,None,None,NaN,NaN,NaN,NaN,NaN,12760,16361,21143,0,0,22365
True,True,False,0.79,-0.21,-0.42,3.36,0.9,-2.46,-0.78,gamble,win,0.9,3.4,123.910022059572,NaN,123.910022059572,None,None,None,NaN,NaN,NaN,NaN,NaN,24765,28366,33148,0,0,34369
True,False,False,0.79,-0.21,-0.63,-0.7875,5.3,4.5125,2.25625,certain,certain,2.25625,5.65625,133.913833697094,3,133.913833697094,None,None,None,139.449338371167,140.449716911069,0.69,7.50275921344291,143.450867889915,36769,37430,42211,44612,48214,53637
True,True,False,0.69,-0.31,-0.94,5.28,1.9,-3.38,-0.740000000000001,gamble,win,1.9,7.55625,149.969985594391,1,149.969985594391,None,None,None,NaN,NaN,NaN,NaN,NaN,56037,57137,61919,0,0,63141
True,False,False,0.69,-0.31,-1.25,-1.18916666666667,5.7,4.51083333333333,2.25541666666667,gamble,lose,4.51083333333333,12.0670833333333,157.889676900348,1,157.889676900348,None,None,None,165.342570602661,166.342861147248,0.83,7.50281713029835,169.344107161043,65541,68502,73284,75685,79286,84709
True,False,True,0.83,-0.17,-1.42,-0.713333333333333,13.5,12.7866666666667,6.39333333333333,gamble,lose,12.7866666666667,24.85375,175.863214946003,1,175.863214946003,None,None,None,NaN,NaN,NaN,NaN,NaN,87109,89050,93852,0,0,95053
True,True,True,0.83,-0.17,-1.59,3.97,1.7,-2.27,-0.285,gamble,win,1.7,26.55375,184.483174653724,1,184.483174653724,None,None,None,NaN,NaN,NaN,NaN,NaN,97453,100714,105516,0,0,106718
True,True,False,0.83,-0.17,-1.76,4.14,8.1,3.96,1.98,gamble,win,8.1,34.65375,194.203564546653,1,194.203564546653,None,None,None,200.58938213205,201.589771231404,0.9,7.50286512786988,204.590868773055,109118,110798,115580,117981,121583,127026
True,True,False,0.9,-0.1,-1.86,3.26,12.9,9.64,4.82,gamble,win,12.9,47.55375,211.131311424775,1,211.131311424775,None,None,None,NaN,NaN,NaN,NaN,NaN,129426,130746,135528,0,0,136750
True,True,True,0.9,-0.1,-1.96,3.36,0.1,-3.26,-1.58,certain,certain,-1.58,45.97375,219.229844110669,3,219.229844110669,None,None,None,226.582611611695,227.582979592145,0.83,7.50284144899342,230.58414593013,139150,141991,146773,149173,152775,158198
True,False,False,0.83,-0.17,-2.13,-0.7725,11.9,11.1275,5.56375,gamble,lose,11.1275,57.10125,237.103351310012,1,237.103351310012,None,None,None,NaN,NaN,NaN,NaN,NaN,160598,162079,166860,0,0,168082
True,False,False,0.83,-0.17,-2.3,-0.786666666666667,8.5,7.71333333333333,3.85666666666667,gamble,lose,7.71333333333333,64.8145833333333,245.339782590745,1,245.339782590745,None,None,None,251.44210067566,252.442517933436,1,7.50273009494413,255.448238909594,170482,171822,176604,179005,182607,188030
True,True,False,1,0,-2.3,2.3,11.7,9.4,4.7,gamble,win,11.7,76.5145833333333,261.962829814525,1,261.962829814525,None,None,None,NaN,NaN,NaN,NaN,NaN,190430,191550,196352,0,0,197553
True,True,True,1,0,-2.3,2.3,0.3,-2,-0.85,certain,certain,-0.85,75.6645833333333,269.899152557016,3,269.899152557016,None,None,None,NaN,NaN,NaN,NaN,NaN,199953,201874,206656,0,0,207878
True,True,True,1,0,-2.3,2.3,13.7,11.4,5.7,gamble,win,13.7,89.3645833333333,278.502439870383,1,278.502439870383,None,None,None,284.354675879586,285.355107216747,0.97,7.50280113122426,288.356209558202,210278,211318,216120,218501,222102,227525
True,True,False,0.97,-0.03,-2.33,2.75,10.9,8.15,4.075,gamble,win,10.9,100.264583333333,294.875368220382,1,294.875368220382,None,None,None,NaN,NaN,NaN,NaN,NaN,229925,231326,236108,0,0,237329
True,False,False,0.97,-0.03,-2.36,-0.301666666666667,1.1,0.798333333333333,0.949166666666667,gamble,lose,0.798333333333333,101.062916666667,303.045156321255,1,303.045156321255,None,None,None,309.697754615219,310.698064038879,0.92,7.5028769671917,313.699230056955,239729,241730,246512,248913,252514,257957
True,True,False,0.92,-0.08,-2.44,3.56,6.3,2.74,1.37,gamble,win,6.3,107.362916666667,320.235273262253,1,320.235273262253,None,None,None,NaN,NaN,NaN,NaN,NaN,260357,261798,266580,0,0,267801
True,True,True,0.92,-0.08,-2.52,3.64,9.7,6.06,3.03,gamble,win,9.7,117.062916666667,328.438250640174,1,328.438250640174,None,None,None,NaN,NaN,NaN,NaN,NaN,270201,271362,276144,0,0,277365
True,True,True,0.92,-0.08,-2.6,3.72,2.9,-0.82,1.04,gamble,win,2.9,119.962916666667,336.407919131336,1,336.407919131336,None,None,None,342.810363353463,343.810742213391,1,7.50287728721742,346.811892552301,279765,281466,286247,288648,292250,297673
True,True,True,1,0,-2.6,2.6,3.9,1.3,0.65,gamble,win,3.9,123.862916666667,353.331095052185,1,353.331095052185,None,None,None,NaN,NaN,NaN,NaN,NaN,300073,301714,306496,0,0,307717
True,False,True,1,0,-2.6,-0.216666666666667,13.3,13.0833333333333,6.54166666666667,gamble,lose,13.0833333333333,136.94625,361.700923406985,1,361.700923406985,None,None,None,367.619850913528,368.620231693261,0.98,7.50278257217724,371.621379472315,310117,311237,316019,318420,322022,327445
True,False,True,0.98,-0.02,-2.62,-0.288333333333333,6.1,5.81166666666667,2.90583333333333,gamble,lose,5.81166666666667,142.757916666667,378.140536214691,1,378.140536214691,None,None,None,NaN,NaN,NaN,NaN,NaN,329845,331185,335987,0,0,337189
True,True,False,0.98,-0.02,-2.64,2.92,5.5,2.58,1.29,gamble,win,5.5,148.257916666667,386.260336570907,1,386.260336570907,None,None,None,392.129220975796,393.129602395464,1,7.50281105062459,396.130798811908,339589,340649,345451,347832,351433,356856
True,True,False,1,0,-2.64,2.64,13.9,11.26,5.63,gamble,win,13.9,162.157916666667,402.649902437232,1,402.649902437232,None,None,None,NaN,NaN,NaN,NaN,NaN,359256,360797,365579,0,0,366800
True,True,True,1,0,-2.64,2.64,-0.9,-3.54,-2.22,certain,certain,-2.22,159.937916666667,410.936436336488,3,410.936436336488,None,None,None,NaN,NaN,NaN,NaN,NaN,369200,372581,377363,0,0,378585
True,False,True,1,0,-2.64,-0.22,4.1,3.88,1.94,gamble,lose,3.88,163.817916666667,420.756842996459,1,420.756842996459,None,None,None,426.825815652614,427.826303306734,0.94,7.50263985979836,430.827352210996,380985,382285,387067,389468,393070,398473
False,False,True,1,1,1,3.58333333333333,0.775,-2.80833333333333,-1.01666666666667,gamble,win,0.775,164.592916666667,451.268533255556,1,451.268533255556,None,None,None,NaN,NaN,NaN,NaN,NaN,417599,419400,424202,0,0,425403
False,True,False,1,1,2,-16,2.175,-13.825,-5.825,certain,certain,-5.825,158.767916666667,459.771816921071,3,459.771816921071,None,None,None,466.624371313374,467.624753053067,0.84,7.50284592877142,470.625897312304,427803,430044,434846,437227,440828,446271
False,True,False,0.84,0.84,2.84,-14.6,1.775,-12.825,-5.525,certain,certain,-5.525,153.242916666667,477.166364602745,3,477.166364602745,None,None,None,NaN,NaN,NaN,NaN,NaN,448671,451112,455914,0,0,457116
False,True,False,0.84,0.84,3.68,-15.44,0.475,-14.965,-7.245,certain,certain,-7.245,145.997916666667,486.198517774697,3,486.198517774697,None,None,None,493.31790407293,494.318291572388,0.75,7.50286832766142,497.319488948793,459516,462057,466879,469259,472861,478284
False,False,True,0.75,0.75,4.43,2.99416666666667,1.675,-1.31916666666667,0.177916666666667,gamble,win,1.675,147.672916666667,503.838639931404,1,503.838639931404,None,None,None,NaN,NaN,NaN,NaN,NaN,480684,482185,486967,0,0,488188
False,True,False,0.75,0.75,5.18,-15.68,1.475,-14.205,-6.365,certain,certain,-6.365,141.307916666667,512.091757045826,3,512.091757045826,None,None,None,NaN,NaN,NaN,NaN,NaN,490588,492569,497371,0,0,498572
False,False,False,0.75,0.75,5.93,3.11916666666667,0.025,-3.09416666666667,-1.53458333333333,certain,certain,-1.53458333333333,139.773333333333,520.745059942361,3,520.745059942361,None,None,None,527.731066445704,528.731463864679,0.8,7.50280753092375,531.732647161814,500972,503373,508155,510556,514157,519580
False,True,False,0.8,0.8,6.73,-17.93,1.625,-16.305,-7.34,gamble,lose,-16.305,123.468333333333,538.251755586709,1,538.251755586709,None,None,None,NaN,NaN,NaN,NaN,NaN,521980,524601,529403,0,0,530605
False,True,False,0.8,0.8,7.53,-18.73,2.525,-16.205,-6.84,gamble,lose,-16.205,107.263333333333,547.43864421919,1,547.43864421919,None,None,None,554.024450541241,555.024832600844,0.58,7.50288560672197,558.025979739963,533005,534925,539727,542108,545710,551133
False,False,False,0.58,0.58,8.11,2.70583333333333,3.325,0.619166666666667,1.97208333333333,gamble,win,3.325,110.588333333333,564.545187679585,1,564.545187679585,None,None,None,NaN,NaN,NaN,NaN,NaN,553533,554893,559675,0,0,560897
False,True,True,0.58,0.58,8.69,-16.81,-0.375,-17.185,-8.78,certain,certain,-8.78,101.808333333333,572.681630671723,3,572.681630671723,None,None,None,NaN,NaN,NaN,NaN,NaN,563297,566378,571180,0,0,572381
False,True,True,0.58,0.58,9.27,-17.39,2.275,-15.115,-6.42,gamble,lose,-15.115,86.6933333333334,582.251990774297,1,582.251990774297,None,None,None,588.537693037768,589.538045339053,0.57,7.50294032378588,592.539221596555,574781,576342,581144,583525,587126,592569
False,True,True,0.57,0.57,9.84,-17.82,1.275,-16.545,-7.635,certain,certain,-7.635,79.0583333333334,599.079621050507,3,599.079621050507,None,None,None,NaN,NaN,NaN,NaN,NaN,594969,597130,601932,0,0,603133
False,True,False,0.57,0.57,10.41,-18.39,1.175,-17.215,-8.02,gamble,lose,-17.215,61.8433333333334,607.878379580448,1,607.878379580448,None,None,None,614.63101000071,615.631436538068,0.5,7.50279793143272,618.632534399745,605533,607654,612456,614837,618438,623861
False,True,False,0.5,0.5,10.91,-17.91,2.225,-15.685,-6.73,gamble,lose,-15.685,46.1583333333334,625.151620745892,1,625.151620745892,None,None,None,NaN,NaN,NaN,NaN,NaN,626261,628282,633084,0,0,634285
False,True,False,0.5,0.5,11.41,-18.41,1.225,-17.185,-7.98,certain,certain,-7.98,38.1783333333334,633.838310668943,3,633.838310668943,None,None,None,641.057724933606,642.058108593221,0.67,7.50277745246422,645.059334768099,636685,639367,644168,646549,650151,655574
False,True,True,0.67,0.67,12.08,-21.46,1.725,-19.735,-9.005,certain,certain,-9.005,29.1733333333334,651.57841183478,3,651.57841183478,None,None,None,NaN,NaN,NaN,NaN,NaN,657974,660335,665137,0,0,666338
False,False,True,0.67,0.67,12.75,3.4075,3.275,-0.1325,1.57125,gamble,win,3.275,32.4483333333334,660.548550380976,1,660.548550380976,None,None,None,NaN,NaN,NaN,NaN,NaN,668738,670219,675001,0,0,676222
False,True,False,0.67,0.67,13.42,-22.8,1.325,-21.475,-10.075,gamble,lose,-21.475,10.9733333333334,668.784994461108,NaN,668.784994461108,None,None,None,676.771391343675,677.771826840588,0.49,7.50280785083305,680.772887904197,678622,682223,687025,689406,693008,698431
False,False,True,0.49,0.49,13.91,2.87416666666667,2.825,-0.0491666666666664,1.38791666666667,gamble,win,2.825,13.7983333333334,687.292077924823,1,687.292077924823,None,None,None,NaN,NaN,NaN,NaN,NaN,700831,702591,707373,0,0,708595
False,False,False,0.49,0.49,14.4,2.915,0.675,-2.24,-0.7825,certain,certain,-0.7825,13.0158333333334,695.762011041981,3,695.762011041981,None,None,None,702.314525052439,703.314870954026,0.56,7.50280721089803,706.316010093549,710995,712875,717657,720058,723660,729103
False,True,True,0.56,0.56,14.96,-22.8,0.925,-21.875,-10.475,gamble,lose,-21.875,-8.85916666666664,712.856454025139,1,712.856454025139,None,None,None,NaN,NaN,NaN,NaN,NaN,731503,733464,738245,0,0,739467
False,False,False,0.56,0.56,15.52,3.25333333333333,2.125,-1.12833333333333,0.498333333333333,gamble,win,2.125,-6.73416666666664,721.488475492224,1,721.488475492224,None,None,None,727.724189691013,728.724628387718,0.57,7.50275729363784,731.725722409668,741867,743368,748169,750550,754152,759575
False,True,True,0.57,0.57,16.09,-24.07,2.025,-22.045,-10.01,certain,certain,-10.01,-16.7441666666666,738.244877872057,3,738.244877872057,None,None,None,NaN,NaN,NaN,NaN,NaN,761975,763795,768597,0,0,769799
False,False,False,0.57,0.57,16.66,3.38333333333333,0.525,-2.85833333333333,-1.16666666666667,certain,certain,-1.16666666666667,-17.9108333333333,746.764804813545,3,746.764804813545,None,None,None,NaN,NaN,NaN,NaN,NaN,772199,773859,778661,0,0,779863
False,False,True,0.57,0.57,17.23,3.43083333333333,2.875,-0.555833333333333,1.15958333333333,gamble,win,2.875,-15.0358333333333,755.151350680273,1,755.151350680273,None,None,None,761.537174665253,762.537508087582,0.58,7.50281969015487,765.538652666728,782263,783943,788725,791126,794728,800171
False,False,False,0.58,0.58,17.81,3.51416666666667,3.475,-0.0391666666666661,1.71791666666667,gamble,win,3.475,-11.5608333333333,772.079089238774,1,772.079089238774,None,None,None,NaN,NaN,NaN,NaN,NaN,802571,804612,809393,0,0,810595
True,True,False,0.6,-0.4,-0.4,6,0.3,-5.7,-2.7,certain,certain,-2.7,-14.2608333333333,794.883240762283,3,794.883240762283,None,None,None,802.286039525527,803.286469902727,0.58,7.50290352571756,806.287547285436,829942,832843,837645,840026,843627,849050
True,True,True,0.58,-0.42,-0.82,6.7,5.7,-1,-0.5,gamble,win,5.7,-8.56083333333331,812.806722586858,1,812.806722586858,None,None,None,NaN,NaN,NaN,NaN,NaN,851450,854151,858953,0,0,860154
True,True,False,0.58,-0.42,-1.24,7.12,-0.9,-8.02,-4.46,gamble,win,-0.9,-9.46083333333331,822.060271998402,1,822.060271998402,None,None,None,NaN,NaN,NaN,NaN,NaN,862554,865135,869917,0,0,871139
True,True,False,0.58,-0.42,-1.66,7.54,10.3,2.76,1.38,gamble,win,10.3,0.839166666666694,831.21375696524,1,831.21375696524,None,None,None,837.666275327443,838.666659947019,0.75,7.50284560886212,841.667856043437,873539,875299,880081,882482,886084,891527
True,True,True,0.75,-0.25,-1.91,5.41,-1.3,-6.71,-4.005,certain,certain,-4.005,-3.16583333333331,848.208168462035,3,848.208168462035,None,None,None,NaN,NaN,NaN,NaN,NaN,893927,895988,900789,0,0,901991
True,True,True,0.75,-0.25,-2.16,5.66,6.7,1.04,0.52,gamble,win,6.7,3.53416666666669,856.923700053012,1,856.923700053012,None,None,None,863.042593577411,864.04302331456,0.59,7.50289584626444,867.044147094944,904391,905751,910533,912934,916536,921959
True,False,True,0.59,-0.41,-2.57,-1.64916666666667,11.3,9.65083333333333,4.82541666666667,gamble,lose,9.65083333333333,13.185,873.56328751822,1,873.56328751822,None,None,None,NaN,NaN,NaN,NaN,NaN,924359,925699,930481,0,0,931703
True,True,True,0.59,-0.41,-2.98,8.72,-1.1,-9.82,-5.46,gamble,win,-1.1,12.085,881.683102273615,1,881.683102273615,None,None,None,888.652412063908,889.652767244959,0.79,7.50285488832742,892.653913744143,934103,936484,941285,943666,947268,952711
True,False,False,0.79,-0.21,-3.19,-1.00083333333333,12.9,11.8991666666667,5.94958333333333,gamble,lose,11.8991666666667,23.9841666666667,899.194441831205,1,899.194441831205,None,None,None,NaN,NaN,NaN,NaN,NaN,955111,956651,961433,0,0,962655
True,True,False,0.79,-0.21,-3.4,6.34,-0.1,-6.44,-3.27,certain,certain,-3.27,20.7141666666667,907.4762454218,3,907.4762454218,None,None,None,NaN,NaN,NaN,NaN,NaN,965055,966956,971737,0,0,972959
True,True,False,0.79,-0.21,-3.61,6.55,10.9,4.35,2.175,gamble,win,10.9,31.6141666666667,916.06290577841,1,916.06290577841,None,None,None,921.948494575918,922.948830558104,0.64,7.50277745246422,925.949980576988,975359,976439,981241,983622,987223,992647
True,True,True,0.64,-0.36,-3.97,9.01,7.7,-1.31,-0.655,gamble,win,7.7,39.3141666666667,932.469136039494,1,932.469136039494,None,None,None,NaN,NaN,NaN,NaN,NaN,995047,996627,1001429,0,0,1002631
True,True,True,0.64,-0.36,-4.33,9.37,12.7,3.33,1.665,gamble,win,12.7,52.0141666666667,940.789021127159,1,940.789021127159,None,None,None,946.824636835256,947.825014415197,0.73,7.50289456627797,950.826210511732,1005031,1006291,1011073,1013474,1017075,1022498
True,False,False,0.73,-0.27,-4.6,-1.32833333333333,-0.3,-1.62833333333333,-0.964166666666667,gamble,lose,-1.62833333333333,50.3858333333334,957.345356694655,1,957.345356694655,None,None,None,NaN,NaN,NaN,NaN,NaN,1024898,1028140,1032922,0,0,1034143
True,True,False,0.73,-0.27,-4.87,8.65,3.5,-5.15,-0.824999999999999,certain,certain,-0.824999999999999,49.5608333333334,967.049086992512,3,967.049086992512,None,None,None,NaN,NaN,NaN,NaN,NaN,1036543,1038684,1043466,0,0,1044687
True,False,False,0.73,-0.27,-5.14,-1.37333333333333,2.3,0.926666666666667,1.61333333333333,gamble,lose,0.926666666666667,50.4875,975.83576616412,1,975.83576616412,None,None,None,982.388222257607,983.388608157169,0.65,7.50279665144626,986.389755296172,1047087,1048948,1053750,1056151,1059752,1065195
True,False,True,0.65,-0.35,-5.49,-1.6825,0.5,-1.1825,-0.34125,gamble,lose,-1.1825,49.305,992.930312501849,1,992.930312501849,None,None,None,NaN,NaN,NaN,NaN,NaN,1067595,1070256,1075038,0,0,1076260
True,False,False,0.65,-0.35,-5.84,-1.71166666666667,3.7,1.98833333333333,0.994166666666667,gamble,lose,1.98833333333333,51.2933333333334,1002.14577817626,1,1002.14577817626,None,None,None,1008.5816401433,1009.58200332394,0.69,7.50287952693179,1012.58311366499,1078660,1080400,1085182,1087583,1091184,1096607
True,True,True,0.69,-0.31,-6.15,10.49,10.7,0.210000000000001,0.105,gamble,win,10.7,61.9933333333334,1019.10226080788,1,1019.10226080788,None,None,None,NaN,NaN,NaN,NaN,NaN,1099007,1100288,1105070,0,0,1106291
True,True,False,0.69,-0.31,-6.46,10.8,-0.7,-11.5,-6.1,certain,certain,-6.1,55.8933333333334,1027.17206126009,3,1027.17206126009,None,None,None,1034.4081101612,1035.40850854001,0.69,7.50286448781844,1038.40969663695,1108691,1111392,1116194,1118575,1122177,1127620
True,False,True,0.69,-0.31,-6.77,-1.64916666666667,10.5,8.85083333333333,4.42541666666667,gamble,lose,8.85083333333333,64.7441666666667,1044.95008745138,1,1044.95008745138,None,None,None,NaN,NaN,NaN,NaN,NaN,1130020,1131520,1136322,0,0,1137524
True,True,False,0.69,-0.31,-7.08,11.42,4.7,-6.72,-1.01,gamble,win,4.7,69.4441666666667,1053.19865856727,1,1053.19865856727,None,None,None,NaN,NaN,NaN,NaN,NaN,1139924,1141484,1146286,0,0,1147488
True,True,False,0.69,-0.31,-7.39,11.73,1.5,-10.23,-4.365,gamble,win,1.5,70.9441666666667,1061.50183286262,1,1061.50183286262,None,None,None,1068.35447173042,1069.35481923202,0.63,7.50276433315594,1072.35600316909,1149888,1152128,1156930,1159311,1162913,1168336
True,True,False,0.63,-0.37,-7.76,12.94,9.1,-3.84,-1.92,gamble,win,9.1,80.0441666666667,1078.87516215141,1,1078.87516215141,None,None,None,NaN,NaN,NaN,NaN,NaN,1170736,1172056,1176858,0,0,1178060
True,True,True,0.63,-0.37,-8.13,13.31,1.7,-11.61,-4.955,certain,certain,-4.955,75.0891666666667,1086.97824275575,3,1086.97824275575,None,None,None,1093.68077471724,1094.68116061669,0.71,7.50281745032407,1097.68235447328,1180460,1182520,1187322,1189703,1193305,1198748
True,False,False,0.71,-0.29,-8.42,-1.71666666666667,3.1,1.38333333333333,0.691666666666667,gamble,lose,1.38333333333333,76.4725,1104.22279584513,1,1104.22279584513,None,None,None,NaN,NaN,NaN,NaN,NaN,1201148,1202508,1207290,0,0,1208512
True,False,False,0.71,-0.29,-8.71,-1.74083333333333,8.3,6.55916666666667,3.27958333333333,gamble,lose,6.55916666666667,83.0316666666667,1112.35462372238,1,1112.35462372238,None,None,None,1118.44023933448,1119.44066811167,0.67,7.50285712827463,1122.44177109317,1210912,1212232,1217014,1219415,1223016,1228419
